-3.14159 0
-3.14059 0
-3.13959 0
-3.13859 0
-3.13759 0
-3.13659 0
-3.13559 0
-3.13459 0
-3.13359 0
-3.13259 0
-3.13159 0
-3.13059 0
-3.12959 0
-3.12859 0
-3.12759 0
-3.12659 0
-3.12559 0
-3.12459 0
-3.12359 0
-3.12259 0
-3.12159 0
-3.12059 0
-3.11959 0
-3.11859 0
-3.11759 0
-3.11659 0
-3.11559 0
-3.11459 0
-3.11359 0
-3.11259 0
-3.11159 0
-3.11059 0
-3.10959 0
-3.10859 0
-3.10759 0
-3.10659 0
-3.10559 0
-3.10459 0
-3.10359 0
-3.10259 0
-3.10159 0
-3.10059 0
-3.09959 0
-3.09859 0
-3.09759 0
-3.09659 0
-3.09559 0
-3.09459 0
-3.09359 0
-3.09259 0
-3.09159 0
-3.09059 0
-3.08959 0
-3.08859 0
-3.08759 0
-3.08659 0
-3.08559 0
-3.08459 0
-3.08359 0
-3.08259 0
-3.08159 0
-3.08059 0
-3.07959 0
-3.07859 0
-3.07759 0
-3.07659 0
-3.07559 0
-3.07459 0
-3.07359 0
-3.07259 0
-3.07159 0
-3.07059 0
-3.06959 0
-3.06859 0
-3.06759 0
-3.06659 0
-3.06559 0
-3.06459 0
-3.06359 0
-3.06259 0
-3.06159 0
-3.06059 0
-3.05959 0
-3.05859 0
-3.05759 0
-3.05659 0
-3.05559 0
-3.05459 0
-3.05359 0
-3.05259 0
-3.05159 0
-3.05059 0
-3.04959 0
-3.04859 0
-3.04759 0
-3.04659 0
-3.04559 0
-3.04459 0
-3.04359 0
-3.04259 0
-3.04159 0
-3.04059 0
-3.03959 0
-3.03859 0
-3.03759 0
-3.03659 0
-3.03559 0
-3.03459 0
-3.03359 0
-3.03259 0
-3.03159 0
-3.03059 0
-3.02959 0
-3.02859 0
-3.02759 0
-3.02659 0
-3.02559 0
-3.02459 0
-3.02359 0
-3.02259 0
-3.02159 0
-3.02059 0
-3.01959 0
-3.01859 0
-3.01759 0
-3.01659 0
-3.01559 0
-3.01459 0
-3.01359 0
-3.01259 0
-3.01159 0
-3.01059 0
-3.00959 0
-3.00859 0
-3.00759 0
-3.00659 0
-3.00559 0
-3.00459 0
-3.00359 0
-3.00259 0
-3.00159 0
-3.00059 0
-2.99959 0
-2.99859 0
-2.99759 0
-2.99659 0
-2.99559 0
-2.99459 0
-2.99359 0
-2.99259 0
-2.99159 0
-2.99059 0
-2.98959 0
-2.98859 0
-2.98759 0
-2.98659 0
-2.98559 0
-2.98459 0
-2.98359 0
-2.98259 0
-2.98159 0
-2.98059 0
-2.97959 0
-2.97859 0
-2.97759 0
-2.97659 0
-2.97559 0
-2.97459 0
-2.97359 0
-2.97259 0
-2.97159 0
-2.97059 0
-2.96959 0
-2.96859 0
-2.96759 0
-2.96659 0
-2.96559 0
-2.96459 0
-2.96359 0
-2.96259 0
-2.96159 0
-2.96059 0
-2.95959 0
-2.95859 0
-2.95759 0
-2.95659 0
-2.95559 0
-2.95459 0
-2.95359 0
-2.95259 0
-2.95159 0
-2.95059 0
-2.94959 0
-2.94859 0
-2.94759 0
-2.94659 0
-2.94559 0
-2.94459 0
-2.94359 0
-2.94259 0
-2.94159 0
-2.94059 0
-2.93959 0
-2.93859 0
-2.93759 0
-2.93659 0
-2.93559 0
-2.93459 0
-2.93359 0
-2.93259 0
-2.93159 0
-2.93059 0
-2.92959 0
-2.92859 0
-2.92759 0
-2.92659 0
-2.92559 0
-2.92459 0
-2.92359 0
-2.92259 0
-2.92159 0
-2.92059 0
-2.91959 0
-2.91859 0
-2.91759 0
-2.91659 0
-2.91559 0
-2.91459 0
-2.91359 0
-2.91259 0
-2.91159 0
-2.91059 0
-2.90959 0
-2.90859 0
-2.90759 0
-2.90659 0
-2.90559 0
-2.90459 0
-2.90359 0
-2.90259 0
-2.90159 0
-2.90059 0
-2.89959 0
-2.89859 0
-2.89759 0
-2.89659 0
-2.89559 0
-2.89459 0
-2.89359 0
-2.89259 0
-2.89159 0
-2.89059 0
-2.88959 0
-2.88859 0
-2.88759 0
-2.88659 0
-2.88559 0
-2.88459 0
-2.88359 0
-2.88259 0
-2.88159 0
-2.88059 0
-2.87959 0
-2.87859 0
-2.87759 0
-2.87659 0
-2.87559 0
-2.87459 0
-2.87359 0
-2.87259 0
-2.87159 0
-2.87059 0
-2.86959 0
-2.86859 0
-2.86759 0
-2.86659 0
-2.86559 0
-2.86459 0
-2.86359 0
-2.86259 0
-2.86159 0
-2.86059 0
-2.85959 0
-2.85859 0
-2.85759 0
-2.85659 0
-2.85559 0
-2.85459 0
-2.85359 0
-2.85259 0
-2.85159 0
-2.85059 0
-2.84959 0
-2.84859 0
-2.84759 0
-2.84659 0
-2.84559 0
-2.84459 0
-2.84359 0
-2.84259 0
-2.84159 0
-2.84059 0
-2.83959 0
-2.83859 0
-2.83759 0
-2.83659 0
-2.83559 0
-2.83459 0
-2.83359 0
-2.83259 0
-2.83159 0
-2.83059 0
-2.82959 0
-2.82859 0
-2.82759 0
-2.82659 0
-2.82559 0
-2.82459 0
-2.82359 0
-2.82259 0
-2.82159 0
-2.82059 0
-2.81959 0
-2.81859 0
-2.81759 0
-2.81659 0
-2.81559 0
-2.81459 0
-2.81359 0
-2.81259 0
-2.81159 0
-2.81059 0
-2.80959 0
-2.80859 0
-2.80759 0
-2.80659 0
-2.80559 0
-2.80459 0
-2.80359 0
-2.80259 0
-2.80159 0
-2.80059 0
-2.79959 0
-2.79859 0
-2.79759 0
-2.79659 0
-2.79559 0
-2.79459 0
-2.79359 0
-2.79259 0
-2.79159 0
-2.79059 0
-2.78959 0
-2.78859 0
-2.78759 0
-2.78659 0
-2.78559 0
-2.78459 0
-2.78359 0
-2.78259 0
-2.78159 0
-2.78059 0
-2.77959 0
-2.77859 0
-2.77759 0
-2.77659 0
-2.77559 0
-2.77459 0
-2.77359 0
-2.77259 0
-2.77159 0
-2.77059 0
-2.76959 0
-2.76859 0
-2.76759 0
-2.76659 0
-2.76559 0
-2.76459 0
-2.76359 0
-2.76259 0
-2.76159 0
-2.76059 0
-2.75959 0
-2.75859 0
-2.75759 0
-2.75659 0
-2.75559 0
-2.75459 0
-2.75359 0
-2.75259 0
-2.75159 0
-2.75059 0
-2.74959 0
-2.74859 0
-2.74759 0
-2.74659 0
-2.74559 0
-2.74459 0
-2.74359 0
-2.74259 0
-2.74159 0
-2.74059 0
-2.73959 0
-2.73859 0
-2.73759 0
-2.73659 0
-2.73559 0
-2.73459 0
-2.73359 0
-2.73259 0
-2.73159 0
-2.73059 0
-2.72959 0
-2.72859 0
-2.72759 0
-2.72659 0
-2.72559 0
-2.72459 0
-2.72359 0
-2.72259 0
-2.72159 0
-2.72059 0
-2.71959 0
-2.71859 0
-2.71759 0
-2.71659 0
-2.71559 0
-2.71459 0
-2.71359 0
-2.71259 0
-2.71159 0
-2.71059 0
-2.70959 0
-2.70859 0
-2.70759 0
-2.70659 0
-2.70559 0
-2.70459 0
-2.70359 0
-2.70259 0
-2.70159 0
-2.70059 0
-2.69959 0
-2.69859 0
-2.69759 0
-2.69659 0
-2.69559 0
-2.69459 0
-2.69359 0
-2.69259 0
-2.69159 0
-2.69059 0
-2.68959 0
-2.68859 0
-2.68759 0
-2.68659 0
-2.68559 0
-2.68459 0
-2.68359 0
-2.68259 0
-2.68159 0
-2.68059 0
-2.67959 0
-2.67859 0
-2.67759 0
-2.67659 0
-2.67559 0
-2.67459 0
-2.67359 0
-2.67259 0
-2.67159 0
-2.67059 0
-2.66959 0
-2.66859 0
-2.66759 0
-2.66659 0
-2.66559 0
-2.66459 0
-2.66359 0
-2.66259 0
-2.66159 0
-2.66059 0
-2.65959 0
-2.65859 0
-2.65759 0
-2.65659 0
-2.65559 0
-2.65459 0
-2.65359 0
-2.65259 0
-2.65159 0
-2.65059 0
-2.64959 0
-2.64859 0
-2.64759 0
-2.64659 0
-2.64559 0
-2.64459 0
-2.64359 0
-2.64259 0
-2.64159 0
-2.64059 0
-2.63959 0
-2.63859 0
-2.63759 0
-2.63659 0
-2.63559 0
-2.63459 0
-2.63359 0
-2.63259 0
-2.63159 0
-2.63059 0
-2.62959 0
-2.62859 0
-2.62759 0
-2.62659 0
-2.62559 0
-2.62459 0
-2.62359 0
-2.62259 0
-2.62159 0
-2.62059 0
-2.61959 0
-2.61859 0
-2.61759 0
-2.61659 0
-2.61559 0
-2.61459 0
-2.61359 0
-2.61259 0
-2.61159 0
-2.61059 0
-2.60959 0
-2.60859 0
-2.60759 0
-2.60659 0
-2.60559 0
-2.60459 0
-2.60359 0
-2.60259 0
-2.60159 0
-2.60059 0
-2.59959 0
-2.59859 0
-2.59759 0
-2.59659 0
-2.59559 0
-2.59459 0
-2.59359 0
-2.59259 0
-2.59159 0
-2.59059 0
-2.58959 0
-2.58859 0
-2.58759 0
-2.58659 0
-2.58559 0
-2.58459 0
-2.58359 0
-2.58259 0
-2.58159 0
-2.58059 0
-2.57959 0
-2.57859 0
-2.57759 0
-2.57659 0
-2.57559 0
-2.57459 0
-2.57359 0
-2.57259 0
-2.57159 0
-2.57059 0
-2.56959 0
-2.56859 0
-2.56759 0
-2.56659 0
-2.56559 0
-2.56459 0
-2.56359 0
-2.56259 0
-2.56159 0
-2.56059 0
-2.55959 0
-2.55859 0
-2.55759 0
-2.55659 0
-2.55559 0
-2.55459 0
-2.55359 0
-2.55259 0
-2.55159 0
-2.55059 0
-2.54959 0
-2.54859 0
-2.54759 0
-2.54659 0
-2.54559 0
-2.54459 0
-2.54359 0
-2.54259 0
-2.54159 0
-2.54059 0
-2.53959 0
-2.53859 0
-2.53759 0
-2.53659 0
-2.53559 0
-2.53459 0
-2.53359 0
-2.53259 0
-2.53159 0
-2.53059 0
-2.52959 0
-2.52859 0
-2.52759 0
-2.52659 0
-2.52559 0
-2.52459 0
-2.52359 0
-2.52259 0
-2.52159 0
-2.52059 0
-2.51959 0
-2.51859 0
-2.51759 0
-2.51659 0
-2.51559 0
-2.51459 0
-2.51359 0
-2.51259 0
-2.51159 0
-2.51059 0
-2.50959 0
-2.50859 0
-2.50759 0
-2.50659 0
-2.50559 0
-2.50459 0
-2.50359 0
-2.50259 0
-2.50159 0
-2.50059 0
-2.49959 0
-2.49859 0
-2.49759 0
-2.49659 0
-2.49559 0
-2.49459 0
-2.49359 0
-2.49259 0
-2.49159 0
-2.49059 0
-2.48959 0
-2.48859 0
-2.48759 0
-2.48659 0
-2.48559 0
-2.48459 0
-2.48359 0
-2.48259 0
-2.48159 0
-2.48059 0
-2.47959 0
-2.47859 0
-2.47759 0
-2.47659 0
-2.47559 0
-2.47459 0
-2.47359 0
-2.47259 0
-2.47159 0
-2.47059 0
-2.46959 0
-2.46859 0
-2.46759 0
-2.46659 0
-2.46559 0
-2.46459 0
-2.46359 0
-2.46259 0
-2.46159 0
-2.46059 0
-2.45959 0
-2.45859 0
-2.45759 0
-2.45659 0
-2.45559 0
-2.45459 0
-2.45359 0
-2.45259 0
-2.45159 0
-2.45059 0
-2.44959 0
-2.44859 0
-2.44759 0
-2.44659 0
-2.44559 0
-2.44459 0
-2.44359 0
-2.44259 0
-2.44159 0
-2.44059 0
-2.43959 0
-2.43859 0
-2.43759 0
-2.43659 0
-2.43559 0
-2.43459 0
-2.43359 0
-2.43259 0
-2.43159 0
-2.43059 0
-2.42959 0
-2.42859 0
-2.42759 0
-2.42659 0
-2.42559 0
-2.42459 0
-2.42359 0
-2.42259 0
-2.42159 0
-2.42059 0
-2.41959 0
-2.41859 0
-2.41759 0
-2.41659 0
-2.41559 0
-2.41459 0
-2.41359 0
-2.41259 0
-2.41159 0
-2.41059 0
-2.40959 0
-2.40859 0
-2.40759 0
-2.40659 0
-2.40559 0
-2.40459 0
-2.40359 0
-2.40259 0
-2.40159 0
-2.40059 0
-2.39959 0
-2.39859 0
-2.39759 0
-2.39659 0
-2.39559 0
-2.39459 0
-2.39359 0
-2.39259 0
-2.39159 0
-2.39059 0
-2.38959 0
-2.38859 0
-2.38759 0
-2.38659 0
-2.38559 0
-2.38459 0
-2.38359 0
-2.38259 0
-2.38159 0
-2.38059 0
-2.37959 0
-2.37859 0
-2.37759 0
-2.37659 0
-2.37559 0
-2.37459 0
-2.37359 0
-2.37259 0
-2.37159 0
-2.37059 0
-2.36959 0
-2.36859 0
-2.36759 0
-2.36659 0
-2.36559 0
-2.36459 0
-2.36359 0
-2.36259 0
-2.36159 0
-2.36059 0
-2.35959 0
-2.35859 0
-2.35759 0
-2.35659 0
-2.35559 0
-2.35459 0
-2.35359 0
-2.35259 0
-2.35159 0
-2.35059 0
-2.34959 0
-2.34859 0
-2.34759 0
-2.34659 0
-2.34559 0
-2.34459 0
-2.34359 0
-2.34259 0
-2.34159 0
-2.34059 0
-2.33959 0
-2.33859 0
-2.33759 0
-2.33659 0
-2.33559 0
-2.33459 0
-2.33359 0
-2.33259 0
-2.33159 0
-2.33059 0
-2.32959 0
-2.32859 0
-2.32759 0
-2.32659 0
-2.32559 0
-2.32459 0
-2.32359 0
-2.32259 0
-2.32159 0
-2.32059 0
-2.31959 0
-2.31859 0
-2.31759 0
-2.31659 0
-2.31559 0
-2.31459 0
-2.31359 0
-2.31259 0
-2.31159 0
-2.31059 0
-2.30959 0
-2.30859 0
-2.30759 0
-2.30659 0
-2.30559 0
-2.30459 0
-2.30359 0
-2.30259 0
-2.30159 0
-2.30059 0
-2.29959 0
-2.29859 0
-2.29759 0
-2.29659 0
-2.29559 0
-2.29459 0
-2.29359 0
-2.29259 0
-2.29159 0
-2.29059 0
-2.28959 0
-2.28859 0
-2.28759 0
-2.28659 0
-2.28559 0
-2.28459 0
-2.28359 0
-2.28259 0
-2.28159 0
-2.28059 0
-2.27959 0
-2.27859 0
-2.27759 0
-2.27659 0
-2.27559 0
-2.27459 0
-2.27359 0
-2.27259 0
-2.27159 0
-2.27059 0
-2.26959 0
-2.26859 0
-2.26759 0
-2.26659 0
-2.26559 0
-2.26459 0
-2.26359 0
-2.26259 0
-2.26159 0
-2.26059 0
-2.25959 0
-2.25859 0
-2.25759 0
-2.25659 0
-2.25559 0
-2.25459 0
-2.25359 0
-2.25259 0
-2.25159 0
-2.25059 0
-2.24959 0
-2.24859 0
-2.24759 0
-2.24659 0
-2.24559 0
-2.24459 0
-2.24359 0
-2.24259 0
-2.24159 0
-2.24059 0
-2.23959 0
-2.23859 0
-2.23759 0
-2.23659 0
-2.23559 0
-2.23459 0
-2.23359 0
-2.23259 0
-2.23159 0
-2.23059 0
-2.22959 0
-2.22859 0
-2.22759 0
-2.22659 0
-2.22559 0
-2.22459 0
-2.22359 0
-2.22259 0
-2.22159 0
-2.22059 0
-2.21959 0
-2.21859 0
-2.21759 0
-2.21659 0
-2.21559 0
-2.21459 0
-2.21359 0
-2.21259 0
-2.21159 0
-2.21059 0
-2.20959 0
-2.20859 0
-2.20759 0
-2.20659 0
-2.20559 0
-2.20459 0
-2.20359 0
-2.20259 0
-2.20159 0
-2.20059 0
-2.19959 0
-2.19859 0
-2.19759 0
-2.19659 0
-2.19559 0
-2.19459 0
-2.19359 0
-2.19259 0
-2.19159 0
-2.19059 0
-2.18959 0
-2.18859 0
-2.18759 0
-2.18659 0
-2.18559 0
-2.18459 0
-2.18359 0
-2.18259 0
-2.18159 0
-2.18059 0
-2.17959 0
-2.17859 0
-2.17759 0
-2.17659 0
-2.17559 0
-2.17459 0
-2.17359 0
-2.17259 0
-2.17159 0
-2.17059 0
-2.16959 0
-2.16859 0
-2.16759 0
-2.16659 0
-2.16559 0
-2.16459 0
-2.16359 0
-2.16259 0
-2.16159 0
-2.16059 0
-2.15959 0
-2.15859 0
-2.15759 0
-2.15659 0
-2.15559 0
-2.15459 0
-2.15359 0
-2.15259 0
-2.15159 0
-2.15059 0
-2.14959 0
-2.14859 0
-2.14759 0
-2.14659 0
-2.14559 0
-2.14459 0
-2.14359 0
-2.14259 0
-2.14159 0
-2.14059 0
-2.13959 0
-2.13859 0
-2.13759 0
-2.13659 0
-2.13559 0
-2.13459 0
-2.13359 0
-2.13259 0
-2.13159 0
-2.13059 0
-2.12959 0
-2.12859 0
-2.12759 0
-2.12659 0
-2.12559 0
-2.12459 0
-2.12359 0
-2.12259 0
-2.12159 0
-2.12059 0
-2.11959 0
-2.11859 0
-2.11759 0
-2.11659 0
-2.11559 0
-2.11459 0
-2.11359 0
-2.11259 0
-2.11159 0
-2.11059 0
-2.10959 0
-2.10859 0
-2.10759 0
-2.10659 0
-2.10559 0
-2.10459 0
-2.10359 0
-2.10259 0
-2.10159 0
-2.10059 0
-2.09959 0
-2.09859 0
-2.09759 0
-2.09659 0
-2.09559 0
-2.09459 0
-2.09359 0
-2.09259 0
-2.09159 0
-2.09059 0
-2.08959 0
-2.08859 0
-2.08759 0
-2.08659 0
-2.08559 0
-2.08459 0
-2.08359 0
-2.08259 0
-2.08159 0
-2.08059 0
-2.07959 0
-2.07859 0
-2.07759 0
-2.07659 0
-2.07559 0
-2.07459 0
-2.07359 0
-2.07259 0
-2.07159 0
-2.07059 0
-2.06959 0
-2.06859 0
-2.06759 0
-2.06659 0
-2.06559 0
-2.06459 0
-2.06359 0
-2.06259 0
-2.06159 0
-2.06059 0
-2.05959 0
-2.05859 0
-2.05759 0
-2.05659 0
-2.05559 0
-2.05459 0
-2.05359 0
-2.05259 0
-2.05159 0
-2.05059 0
-2.04959 0
-2.04859 0
-2.04759 0
-2.04659 0
-2.04559 0
-2.04459 0
-2.04359 0
-2.04259 0
-2.04159 0
-2.04059 0
-2.03959 0
-2.03859 0
-2.03759 0
-2.03659 0
-2.03559 0
-2.03459 0
-2.03359 0
-2.03259 0
-2.03159 0
-2.03059 0
-2.02959 0
-2.02859 0
-2.02759 0
-2.02659 0
-2.02559 0
-2.02459 0
-2.02359 0
-2.02259 0
-2.02159 0
-2.02059 0
-2.01959 0
-2.01859 0
-2.01759 0
-2.01659 0
-2.01559 0
-2.01459 0
-2.01359 0
-2.01259 0
-2.01159 0
-2.01059 0
-2.00959 0
-2.00859 0
-2.00759 0
-2.00659 0
-2.00559 0
-2.00459 0
-2.00359 0
-2.00259 0
-2.00159 0
-2.00059 0
-1.99959 0
-1.99859 0
-1.99759 0
-1.99659 0
-1.99559 0
-1.99459 0
-1.99359 0
-1.99259 0
-1.99159 0
-1.99059 0
-1.98959 0
-1.98859 0
-1.98759 0
-1.98659 0
-1.98559 0
-1.98459 0
-1.98359 0
-1.98259 0
-1.98159 0
-1.98059 0
-1.97959 0
-1.97859 0
-1.97759 0
-1.97659 0
-1.97559 0
-1.97459 0
-1.97359 0
-1.97259 0
-1.97159 0
-1.97059 0
-1.96959 0
-1.96859 0
-1.96759 0
-1.96659 0
-1.96559 0
-1.96459 0
-1.96359 0
-1.96259 0
-1.96159 0
-1.96059 0
-1.95959 0
-1.95859 0
-1.95759 0
-1.95659 0
-1.95559 0
-1.95459 0
-1.95359 0
-1.95259 0
-1.95159 0
-1.95059 0
-1.94959 0
-1.94859 0
-1.94759 0
-1.94659 0
-1.94559 0
-1.94459 0
-1.94359 0
-1.94259 0
-1.94159 0
-1.94059 0
-1.93959 0
-1.93859 0
-1.93759 0
-1.93659 0
-1.93559 0
-1.93459 0
-1.93359 0
-1.93259 0
-1.93159 0
-1.93059 0
-1.92959 0
-1.92859 0
-1.92759 0
-1.92659 0
-1.92559 0
-1.92459 0
-1.92359 0
-1.92259 0
-1.92159 0
-1.92059 0
-1.91959 0
-1.91859 0
-1.91759 0
-1.91659 0
-1.91559 0
-1.91459 0
-1.91359 0
-1.91259 0
-1.91159 0
-1.91059 0
-1.90959 0
-1.90859 0
-1.90759 0
-1.90659 0
-1.90559 0
-1.90459 0
-1.90359 0
-1.90259 0
-1.90159 0
-1.90059 0
-1.89959 0
-1.89859 0
-1.89759 0
-1.89659 0
-1.89559 0
-1.89459 0
-1.89359 0
-1.89259 0
-1.89159 0
-1.89059 0
-1.88959 0
-1.88859 0
-1.88759 0
-1.88659 0
-1.88559 0
-1.88459 0
-1.88359 0
-1.88259 0
-1.88159 0
-1.88059 0
-1.87959 0
-1.87859 0
-1.87759 0
-1.87659 0
-1.87559 0
-1.87459 0
-1.87359 0
-1.87259 0
-1.87159 0
-1.87059 0
-1.86959 0
-1.86859 0
-1.86759 0
-1.86659 0
-1.86559 0
-1.86459 0
-1.86359 0
-1.86259 0
-1.86159 0
-1.86059 0
-1.85959 0
-1.85859 0
-1.85759 0
-1.85659 0
-1.85559 0
-1.85459 0
-1.85359 0
-1.85259 0
-1.85159 0
-1.85059 0
-1.84959 0
-1.84859 0
-1.84759 0
-1.84659 0
-1.84559 0
-1.84459 0
-1.84359 0
-1.84259 0
-1.84159 0
-1.84059 0
-1.83959 0
-1.83859 0
-1.83759 0
-1.83659 0
-1.83559 0
-1.83459 0
-1.83359 0
-1.83259 0
-1.83159 0
-1.83059 0
-1.82959 0
-1.82859 0
-1.82759 0
-1.82659 0
-1.82559 0
-1.82459 0
-1.82359 0
-1.82259 0
-1.82159 0
-1.82059 0
-1.81959 0
-1.81859 0
-1.81759 0
-1.81659 0
-1.81559 0
-1.81459 0
-1.81359 0
-1.81259 0
-1.81159 0
-1.81059 0
-1.80959 0
-1.80859 0
-1.80759 0
-1.80659 0
-1.80559 0
-1.80459 0
-1.80359 0
-1.80259 0
-1.80159 0
-1.80059 0
-1.79959 0
-1.79859 0
-1.79759 0
-1.79659 0
-1.79559 0
-1.79459 0
-1.79359 0
-1.79259 0
-1.79159 0
-1.79059 0
-1.78959 0
-1.78859 0
-1.78759 0
-1.78659 0
-1.78559 0
-1.78459 0
-1.78359 0
-1.78259 0
-1.78159 0
-1.78059 0
-1.77959 0
-1.77859 0
-1.77759 0
-1.77659 0
-1.77559 0
-1.77459 0
-1.77359 0
-1.77259 0
-1.77159 0
-1.77059 0
-1.76959 0
-1.76859 0
-1.76759 0
-1.76659 0
-1.76559 0
-1.76459 0
-1.76359 0
-1.76259 0
-1.76159 0
-1.76059 0
-1.75959 0
-1.75859 0
-1.75759 0
-1.75659 0
-1.75559 0
-1.75459 0
-1.75359 0
-1.75259 0
-1.75159 0
-1.75059 0
-1.74959 0
-1.74859 0
-1.74759 0
-1.74659 0
-1.74559 0
-1.74459 0
-1.74359 0
-1.74259 0
-1.74159 0
-1.74059 0
-1.73959 0
-1.73859 0
-1.73759 0
-1.73659 0
-1.73559 0
-1.73459 0
-1.73359 0
-1.73259 0
-1.73159 0
-1.73059 0
-1.72959 0
-1.72859 0
-1.72759 0
-1.72659 0
-1.72559 0
-1.72459 0
-1.72359 0
-1.72259 0
-1.72159 0
-1.72059 0
-1.71959 0
-1.71859 0
-1.71759 0
-1.71659 0
-1.71559 0
-1.71459 0
-1.71359 0
-1.71259 0
-1.71159 0
-1.71059 0
-1.70959 0
-1.70859 0
-1.70759 0
-1.70659 0
-1.70559 0
-1.70459 0
-1.70359 0
-1.70259 0
-1.70159 0
-1.70059 0
-1.69959 0
-1.69859 0
-1.69759 0
-1.69659 0
-1.69559 0
-1.69459 0
-1.69359 0
-1.69259 0
-1.69159 0
-1.69059 0
-1.68959 0
-1.68859 0
-1.68759 0
-1.68659 0
-1.68559 0
-1.68459 0
-1.68359 0
-1.68259 0
-1.68159 0
-1.68059 0
-1.67959 0
-1.67859 0
-1.67759 0
-1.67659 0
-1.67559 0
-1.67459 0
-1.67359 0
-1.67259 0
-1.67159 0
-1.67059 0
-1.66959 0
-1.66859 0
-1.66759 0
-1.66659 0
-1.66559 0
-1.66459 0
-1.66359 0
-1.66259 0
-1.66159 0
-1.66059 0
-1.65959 0
-1.65859 0
-1.65759 0
-1.65659 0
-1.65559 0
-1.65459 0
-1.65359 0
-1.65259 0
-1.65159 0
-1.65059 0
-1.64959 0
-1.64859 0
-1.64759 0
-1.64659 0
-1.64559 0
-1.64459 0
-1.64359 0
-1.64259 0
-1.64159 0
-1.64059 0
-1.63959 0
-1.63859 0
-1.63759 0
-1.63659 0
-1.63559 0
-1.63459 0
-1.63359 0
-1.63259 0
-1.63159 0
-1.63059 0
-1.62959 0
-1.62859 0
-1.62759 0
-1.62659 0
-1.62559 0
-1.62459 0
-1.62359 0
-1.62259 0
-1.62159 0
-1.62059 0
-1.61959 0
-1.61859 0
-1.61759 0
-1.61659 0
-1.61559 0
-1.61459 0
-1.61359 0
-1.61259 0
-1.61159 0
-1.61059 0
-1.60959 0
-1.60859 0
-1.60759 0
-1.60659 0
-1.60559 0
-1.60459 0
-1.60359 0
-1.60259 0
-1.60159 0
-1.60059 0
-1.59959 0
-1.59859 0
-1.59759 0
-1.59659 0
-1.59559 0
-1.59459 0
-1.59359 0
-1.59259 0
-1.59159 0
-1.59059 0
-1.58959 0
-1.58859 0
-1.58759 0
-1.58659 0
-1.58559 0
-1.58459 0
-1.58359 0
-1.58259 0
-1.58159 0
-1.58059 0
-1.57959 0
-1.57859 0
-1.57759 0
-1.57659 0
-1.57559 0
-1.57459 0
-1.57359 0
-1.57259 0
-1.57159 0
-1.57059 0.000636537
-1.56959 0.00127307
-1.56859 0.00190961
-1.56759 0.00254615
-1.56659 0.00318269
-1.56559 0.00381922
-1.56459 0.00445576
-1.56359 0.0050923
-1.56259 0.00572884
-1.56159 0.00636537
-1.56059 0.00700191
-1.55959 0.00763845
-1.55859 0.00827498
-1.55759 0.00891152
-1.55659 0.00954806
-1.55559 0.0101846
-1.55459 0.0108211
-1.55359 0.0114577
-1.55259 0.0120942
-1.55159 0.0127307
-1.55059 0.0133673
-1.54959 0.0140038
-1.54859 0.0146404
-1.54759 0.0152769
-1.54659 0.0159134
-1.54559 0.01655
-1.54459 0.0171865
-1.54359 0.017823
-1.54259 0.0184596
-1.54159 0.0190961
-1.54059 0.0197327
-1.53959 0.0203692
-1.53859 0.0210057
-1.53759 0.0216423
-1.53659 0.0222788
-1.53559 0.0229153
-1.53459 0.0235519
-1.53359 0.0241884
-1.53259 0.024825
-1.53159 0.0254615
-1.53059 0.026098
-1.52959 0.0267346
-1.52859 0.0273711
-1.52759 0.0280076
-1.52659 0.0286442
-1.52559 0.0292807
-1.52459 0.0299173
-1.52359 0.0305538
-1.52259 0.0311903
-1.52159 0.0318269
-1.52059 0.0324634
-1.51959 0.0330999
-1.51859 0.0337365
-1.51759 0.034373
-1.51659 0.0350095
-1.51559 0.0356461
-1.51459 0.0362826
-1.51359 0.0369192
-1.51259 0.0375557
-1.51159 0.0381922
-1.51059 0.0388288
-1.50959 0.0394653
-1.50859 0.0401018
-1.50759 0.0407384
-1.50659 0.0413749
-1.50559 0.0420115
-1.50459 0.042648
-1.50359 0.0432845
-1.50259 0.0439211
-1.50159 0.0445576
-1.50059 0.0451941
-1.49959 0.0458307
-1.49859 0.0464672
-1.49759 0.0471038
-1.49659 0.0477403
-1.49559 0.0483768
-1.49459 0.0490134
-1.49359 0.0496499
-1.49259 0.0502864
-1.49159 0.050923
-1.49059 0.0515595
-1.48959 0.0521961
-1.48859 0.0528326
-1.48759 0.0534691
-1.48659 0.0541057
-1.48559 0.0547422
-1.48459 0.0553787
-1.48359 0.0560153
-1.48259 0.0566518
-1.48159 0.0572884
-1.48059 0.0579249
-1.47959 0.0585614
-1.47859 0.059198
-1.47759 0.0598345
-1.47659 0.060471
-1.47559 0.0611076
-1.47459 0.0617441
-1.47359 0.0623806
-1.47259 0.0630172
-1.47159 0.0636537
-1.47059 0.0642903
-1.46959 0.0649268
-1.46859 0.0655633
-1.46759 0.0661999
-1.46659 0.0668364
-1.46559 0.0674729
-1.46459 0.0681095
-1.46359 0.068746
-1.46259 0.0693826
-1.46159 0.0700191
-1.46059 0.0706556
-1.45959 0.0712922
-1.45859 0.0719287
-1.45759 0.0725652
-1.45659 0.0732018
-1.45559 0.0738383
-1.45459 0.0744749
-1.45359 0.0751114
-1.45259 0.0757479
-1.45159 0.0763845
-1.45059 0.077021
-1.44959 0.0776575
-1.44859 0.0782941
-1.44759 0.0789306
-1.44659 0.0795672
-1.44559 0.0802037
-1.44459 0.0808402
-1.44359 0.0814768
-1.44259 0.0821133
-1.44159 0.0827498
-1.44059 0.0833864
-1.43959 0.0840229
-1.43859 0.0846595
-1.43759 0.085296
-1.43659 0.0859325
-1.43559 0.0865691
-1.43459 0.0872056
-1.43359 0.0878421
-1.43259 0.0884787
-1.43159 0.0891152
-1.43059 0.0897518
-1.42959 0.0903883
-1.42859 0.0910248
-1.42759 0.0916614
-1.42659 0.0922979
-1.42559 0.0929344
-1.42459 0.093571
-1.42359 0.0942075
-1.42259 0.094844
-1.42159 0.0954806
-1.42059 0.0961171
-1.41959 0.0967537
-1.41859 0.0973902
-1.41759 0.0980267
-1.41659 0.0986633
-1.41559 0.0992998
-1.41459 0.0999363
-1.41359 0.100573
-1.41259 0.101209
-1.41159 0.101846
-1.41059 0.102482
-1.40959 0.103119
-1.40859 0.103756
-1.40759 0.104392
-1.40659 0.105029
-1.40559 0.105665
-1.40459 0.106302
-1.40359 0.106938
-1.40259 0.107575
-1.40159 0.108211
-1.40059 0.108848
-1.39959 0.109484
-1.39859 0.110121
-1.39759 0.110757
-1.39659 0.111394
-1.39559 0.112031
-1.39459 0.112667
-1.39359 0.113304
-1.39259 0.11394
-1.39159 0.114577
-1.39059 0.115213
-1.38959 0.11585
-1.38859 0.116486
-1.38759 0.117123
-1.38659 0.117759
-1.38559 0.118396
-1.38459 0.119032
-1.38359 0.119669
-1.38259 0.120306
-1.38159 0.120942
-1.38059 0.121579
-1.37959 0.122215
-1.37859 0.122852
-1.37759 0.123488
-1.37659 0.124125
-1.37559 0.124761
-1.37459 0.125398
-1.37359 0.126034
-1.37259 0.126671
-1.37159 0.127307
-1.37059 0.127944
-1.36959 0.128581
-1.36859 0.129217
-1.36759 0.129854
-1.36659 0.13049
-1.36559 0.131127
-1.36459 0.131763
-1.36359 0.1324
-1.36259 0.133036
-1.36159 0.133673
-1.36059 0.134309
-1.35959 0.134946
-1.35859 0.135582
-1.35759 0.136219
-1.35659 0.136856
-1.35559 0.137492
-1.35459 0.138129
-1.35359 0.138765
-1.35259 0.139402
-1.35159 0.140038
-1.35059 0.140675
-1.34959 0.141311
-1.34859 0.141948
-1.34759 0.142584
-1.34659 0.143221
-1.34559 0.143857
-1.34459 0.144494
-1.34359 0.14513
-1.34259 0.145767
-1.34159 0.146404
-1.34059 0.14704
-1.33959 0.147677
-1.33859 0.148313
-1.33759 0.14895
-1.33659 0.149586
-1.33559 0.150223
-1.33459 0.150859
-1.33359 0.151496
-1.33259 0.152132
-1.33159 0.152769
-1.33059 0.153405
-1.32959 0.154042
-1.32859 0.154679
-1.32759 0.155315
-1.32659 0.155952
-1.32559 0.156588
-1.32459 0.157225
-1.32359 0.157861
-1.32259 0.158498
-1.32159 0.159134
-1.32059 0.159771
-1.31959 0.160407
-1.31859 0.161044
-1.31759 0.16168
-1.31659 0.162317
-1.31559 0.162954
-1.31459 0.16359
-1.31359 0.164227
-1.31259 0.164863
-1.31159 0.1655
-1.31059 0.166136
-1.30959 0.166773
-1.30859 0.167409
-1.30759 0.168046
-1.30659 0.168682
-1.30559 0.169319
-1.30459 0.169955
-1.30359 0.170592
-1.30259 0.171229
-1.30159 0.171865
-1.30059 0.172502
-1.29959 0.173138
-1.29859 0.173775
-1.29759 0.174411
-1.29659 0.175048
-1.29559 0.175684
-1.29459 0.176321
-1.29359 0.176957
-1.29259 0.177594
-1.29159 0.17823
-1.29059 0.178867
-1.28959 0.179504
-1.28859 0.18014
-1.28759 0.180777
-1.28659 0.181413
-1.28559 0.18205
-1.28459 0.182686
-1.28359 0.183323
-1.28259 0.183959
-1.28159 0.184596
-1.28059 0.185232
-1.27959 0.185869
-1.27859 0.186505
-1.27759 0.187142
-1.27659 0.187778
-1.27559 0.188415
-1.27459 0.189052
-1.27359 0.189688
-1.27259 0.190325
-1.27159 0.190961
-1.27059 0.191598
-1.26959 0.192234
-1.26859 0.192871
-1.26759 0.193507
-1.26659 0.194144
-1.26559 0.19478
-1.26459 0.195417
-1.26359 0.196053
-1.26259 0.19669
-1.26159 0.197327
-1.26059 0.197963
-1.25959 0.1986
-1.25859 0.199236
-1.25759 0.199873
-1.25659 0.200509
-1.25559 0.201146
-1.25459 0.201782
-1.25359 0.202419
-1.25259 0.203055
-1.25159 0.203692
-1.25059 0.204328
-1.24959 0.204965
-1.24859 0.205602
-1.24759 0.206238
-1.24659 0.206875
-1.24559 0.207511
-1.24459 0.208148
-1.24359 0.208784
-1.24259 0.209421
-1.24159 0.210057
-1.24059 0.210694
-1.23959 0.21133
-1.23859 0.211967
-1.23759 0.212603
-1.23659 0.21324
-1.23559 0.213877
-1.23459 0.214513
-1.23359 0.21515
-1.23259 0.215786
-1.23159 0.216423
-1.23059 0.217059
-1.22959 0.217696
-1.22859 0.218332
-1.22759 0.218969
-1.22659 0.219605
-1.22559 0.220242
-1.22459 0.220878
-1.22359 0.221515
-1.22259 0.222151
-1.22159 0.222788
-1.22059 0.223425
-1.21959 0.224061
-1.21859 0.224698
-1.21759 0.225334
-1.21659 0.225971
-1.21559 0.226607
-1.21459 0.227244
-1.21359 0.22788
-1.21259 0.228517
-1.21159 0.229153
-1.21059 0.22979
-1.20959 0.230426
-1.20859 0.231063
-1.20759 0.2317
-1.20659 0.232336
-1.20559 0.232973
-1.20459 0.233609
-1.20359 0.234246
-1.20259 0.234882
-1.20159 0.235519
-1.20059 0.236155
-1.19959 0.236792
-1.19859 0.237428
-1.19759 0.238065
-1.19659 0.238701
-1.19559 0.239338
-1.19459 0.239975
-1.19359 0.240611
-1.19259 0.241248
-1.19159 0.241884
-1.19059 0.242521
-1.18959 0.243157
-1.18859 0.243794
-1.18759 0.24443
-1.18659 0.245067
-1.18559 0.245703
-1.18459 0.24634
-1.18359 0.246976
-1.18259 0.247613
-1.18159 0.24825
-1.18059 0.248886
-1.17959 0.249523
-1.17859 0.250159
-1.17759 0.250796
-1.17659 0.251432
-1.17559 0.252069
-1.17459 0.252705
-1.17359 0.253342
-1.17259 0.253978
-1.17159 0.254615
-1.17059 0.255251
-1.16959 0.255888
-1.16859 0.256525
-1.16759 0.257161
-1.16659 0.257798
-1.16559 0.258434
-1.16459 0.259071
-1.16359 0.259707
-1.16259 0.260344
-1.16159 0.26098
-1.16059 0.261617
-1.15959 0.262253
-1.15859 0.26289
-1.15759 0.263526
-1.15659 0.264163
-1.15559 0.264799
-1.15459 0.265436
-1.15359 0.266073
-1.15259 0.266709
-1.15159 0.267346
-1.15059 0.267982
-1.14959 0.268619
-1.14859 0.269255
-1.14759 0.269892
-1.14659 0.270528
-1.14559 0.271165
-1.14459 0.271801
-1.14359 0.272438
-1.14259 0.273074
-1.14159 0.273711
-1.14059 0.274348
-1.13959 0.274984
-1.13859 0.275621
-1.13759 0.276257
-1.13659 0.276894
-1.13559 0.27753
-1.13459 0.278167
-1.13359 0.278803
-1.13259 0.27944
-1.13159 0.280076
-1.13059 0.280713
-1.12959 0.281349
-1.12859 0.281986
-1.12759 0.282623
-1.12659 0.283259
-1.12559 0.283896
-1.12459 0.284532
-1.12359 0.285169
-1.12259 0.285805
-1.12159 0.286442
-1.12059 0.287078
-1.11959 0.287715
-1.11859 0.288351
-1.11759 0.288988
-1.11659 0.289624
-1.11559 0.290261
-1.11459 0.290898
-1.11359 0.291534
-1.11259 0.292171
-1.11159 0.292807
-1.11059 0.293444
-1.10959 0.29408
-1.10859 0.294717
-1.10759 0.295353
-1.10659 0.29599
-1.10559 0.296626
-1.10459 0.297263
-1.10359 0.297899
-1.10259 0.298536
-1.10159 0.299173
-1.10059 0.299809
-1.09959 0.300446
-1.09859 0.301082
-1.09759 0.301719
-1.09659 0.302355
-1.09559 0.302992
-1.09459 0.303628
-1.09359 0.304265
-1.09259 0.304901
-1.09159 0.305538
-1.09059 0.306174
-1.08959 0.306811
-1.08859 0.307447
-1.08759 0.308084
-1.08659 0.308721
-1.08559 0.309357
-1.08459 0.309994
-1.08359 0.31063
-1.08259 0.311267
-1.08159 0.311903
-1.08059 0.31254
-1.07959 0.313176
-1.07859 0.313813
-1.07759 0.314449
-1.07659 0.315086
-1.07559 0.315722
-1.07459 0.316359
-1.07359 0.316996
-1.07259 0.317632
-1.07159 0.318269
-1.07059 0.318905
-1.06959 0.319542
-1.06859 0.320178
-1.06759 0.320815
-1.06659 0.321451
-1.06559 0.322088
-1.06459 0.322724
-1.06359 0.323361
-1.06259 0.323997
-1.06159 0.324634
-1.06059 0.325271
-1.05959 0.325907
-1.05859 0.326544
-1.05759 0.32718
-1.05659 0.327817
-1.05559 0.328453
-1.05459 0.32909
-1.05359 0.329726
-1.05259 0.330363
-1.05159 0.330999
-1.05059 0.331636
-1.04959 0.332272
-1.04859 0.332909
-1.04759 0.333546
-1.04659 0.334182
-1.04559 0.334819
-1.04459 0.335455
-1.04359 0.336092
-1.04259 0.336728
-1.04159 0.337365
-1.04059 0.338001
-1.03959 0.338638
-1.03859 0.339274
-1.03759 0.339911
-1.03659 0.340547
-1.03559 0.341184
-1.03459 0.34182
-1.03359 0.342457
-1.03259 0.343094
-1.03159 0.34373
-1.03059 0.344367
-1.02959 0.345003
-1.02859 0.34564
-1.02759 0.346276
-1.02659 0.346913
-1.02559 0.347549
-1.02459 0.348186
-1.02359 0.348822
-1.02259 0.349459
-1.02159 0.350095
-1.02059 0.350732
-1.01959 0.351369
-1.01859 0.352005
-1.01759 0.352642
-1.01659 0.353278
-1.01559 0.353915
-1.01459 0.354551
-1.01359 0.355188
-1.01259 0.355824
-1.01159 0.356461
-1.01059 0.357097
-1.00959 0.357734
-1.00859 0.35837
-1.00759 0.359007
-1.00659 0.359644
-1.00559 0.36028
-1.00459 0.360917
-1.00359 0.361553
-1.00259 0.36219
-1.00159 0.362826
-1.00059 0.363463
-0.999593 0.364099
-0.998593 0.364736
-0.997593 0.365372
-0.996593 0.366009
-0.995593 0.366645
-0.994593 0.367282
-0.993593 0.367919
-0.992593 0.368555
-0.991593 0.369192
-0.990593 0.369828
-0.989593 0.370465
-0.988593 0.371101
-0.987593 0.371738
-0.986593 0.372374
-0.985593 0.373011
-0.984593 0.373647
-0.983593 0.374284
-0.982593 0.37492
-0.981593 0.375557
-0.980593 0.376194
-0.979593 0.37683
-0.978593 0.377467
-0.977593 0.378103
-0.976593 0.37874
-0.975593 0.379376
-0.974593 0.380013
-0.973593 0.380649
-0.972593 0.381286
-0.971593 0.381922
-0.970593 0.382559
-0.969593 0.383195
-0.968593 0.383832
-0.967593 0.384468
-0.966593 0.385105
-0.965593 0.385742
-0.964593 0.386378
-0.963593 0.387015
-0.962593 0.387651
-0.961593 0.388288
-0.960593 0.388924
-0.959593 0.389561
-0.958593 0.390197
-0.957593 0.390834
-0.956593 0.39147
-0.955593 0.392107
-0.954593 0.392743
-0.953593 0.39338
-0.952593 0.394017
-0.951593 0.394653
-0.950593 0.39529
-0.949593 0.395926
-0.948593 0.396563
-0.947593 0.397199
-0.946593 0.397836
-0.945593 0.398472
-0.944593 0.399109
-0.943593 0.399745
-0.942593 0.400382
-0.941593 0.401018
-0.940593 0.401655
-0.939593 0.402292
-0.938593 0.402928
-0.937593 0.403565
-0.936593 0.404201
-0.935593 0.404838
-0.934593 0.405474
-0.933593 0.406111
-0.932593 0.406747
-0.931593 0.407384
-0.930593 0.40802
-0.929593 0.408657
-0.928593 0.409293
-0.927593 0.40993
-0.926593 0.410567
-0.925593 0.411203
-0.924593 0.41184
-0.923593 0.412476
-0.922593 0.413113
-0.921593 0.413749
-0.920593 0.414386
-0.919593 0.415022
-0.918593 0.415659
-0.917593 0.416295
-0.916593 0.416932
-0.915593 0.417568
-0.914593 0.418205
-0.913593 0.418842
-0.912593 0.419478
-0.911593 0.420115
-0.910593 0.420751
-0.909593 0.421388
-0.908593 0.422024
-0.907593 0.422661
-0.906593 0.423297
-0.905593 0.423934
-0.904593 0.42457
-0.903593 0.425207
-0.902593 0.425843
-0.901593 0.42648
-0.900593 0.427116
-0.899593 0.427753
-0.898593 0.42839
-0.897593 0.429026
-0.896593 0.429663
-0.895593 0.430299
-0.894593 0.430936
-0.893593 0.431572
-0.892593 0.432209
-0.891593 0.432845
-0.890593 0.433482
-0.889593 0.434118
-0.888593 0.434755
-0.887593 0.435391
-0.886593 0.436028
-0.885593 0.436665
-0.884593 0.437301
-0.883593 0.437938
-0.882593 0.438574
-0.881593 0.439211
-0.880593 0.439847
-0.879593 0.440484
-0.878593 0.44112
-0.877593 0.441757
-0.876593 0.442393
-0.875593 0.44303
-0.874593 0.443666
-0.873593 0.444303
-0.872593 0.44494
-0.871593 0.445576
-0.870593 0.446213
-0.869593 0.446849
-0.868593 0.447486
-0.867593 0.448122
-0.866593 0.448759
-0.865593 0.449395
-0.864593 0.450032
-0.863593 0.450668
-0.862593 0.451305
-0.861593 0.451941
-0.860593 0.452578
-0.859593 0.453215
-0.858593 0.453851
-0.857593 0.454488
-0.856593 0.455124
-0.855593 0.455761
-0.854593 0.456397
-0.853593 0.457034
-0.852593 0.45767
-0.851593 0.458307
-0.850593 0.458943
-0.849593 0.45958
-0.848593 0.460216
-0.847593 0.460853
-0.846593 0.461489
-0.845593 0.462126
-0.844593 0.462763
-0.843593 0.463399
-0.842593 0.464036
-0.841593 0.464672
-0.840593 0.465309
-0.839593 0.465945
-0.838593 0.466582
-0.837593 0.467218
-0.836593 0.467855
-0.835593 0.468491
-0.834593 0.469128
-0.833593 0.469764
-0.832593 0.470401
-0.831593 0.471038
-0.830593 0.471674
-0.829593 0.472311
-0.828593 0.472947
-0.827593 0.473584
-0.826593 0.47422
-0.825593 0.474857
-0.824593 0.475493
-0.823593 0.47613
-0.822593 0.476766
-0.821593 0.477403
-0.820593 0.478039
-0.819593 0.478676
-0.818593 0.479313
-0.817593 0.479949
-0.816593 0.480586
-0.815593 0.481222
-0.814593 0.481859
-0.813593 0.482495
-0.812593 0.483132
-0.811593 0.483768
-0.810593 0.484405
-0.809593 0.485041
-0.808593 0.485678
-0.807593 0.486314
-0.806593 0.486951
-0.805593 0.487588
-0.804593 0.488224
-0.803593 0.488861
-0.802593 0.489497
-0.801593 0.490134
-0.800593 0.49077
-0.799593 0.491407
-0.798593 0.492043
-0.797593 0.49268
-0.796593 0.493316
-0.795593 0.493953
-0.794593 0.494589
-0.793593 0.495226
-0.792593 0.495863
-0.791593 0.496499
-0.790593 0.497136
-0.789593 0.497772
-0.788593 0.498409
-0.787593 0.499045
-0.786593 0.499682
-0.785593 0.500318
-0.784593 0.500955
-0.783593 0.501591
-0.782593 0.502228
-0.781593 0.502864
-0.780593 0.503501
-0.779593 0.504137
-0.778593 0.504774
-0.777593 0.505411
-0.776593 0.506047
-0.775593 0.506684
-0.774593 0.50732
-0.773593 0.507957
-0.772593 0.508593
-0.771593 0.50923
-0.770593 0.509866
-0.769593 0.510503
-0.768593 0.511139
-0.767593 0.511776
-0.766593 0.512412
-0.765593 0.513049
-0.764593 0.513686
-0.763593 0.514322
-0.762593 0.514959
-0.761593 0.515595
-0.760593 0.516232
-0.759593 0.516868
-0.758593 0.517505
-0.757593 0.518141
-0.756593 0.518778
-0.755593 0.519414
-0.754593 0.520051
-0.753593 0.520687
-0.752593 0.521324
-0.751593 0.521961
-0.750593 0.522597
-0.749593 0.523234
-0.748593 0.52387
-0.747593 0.524507
-0.746593 0.525143
-0.745593 0.52578
-0.744593 0.526416
-0.743593 0.527053
-0.742593 0.527689
-0.741593 0.528326
-0.740593 0.528962
-0.739593 0.529599
-0.738593 0.530236
-0.737593 0.530872
-0.736593 0.531509
-0.735593 0.532145
-0.734593 0.532782
-0.733593 0.533418
-0.732593 0.534055
-0.731593 0.534691
-0.730593 0.535328
-0.729593 0.535964
-0.728593 0.536601
-0.727593 0.537237
-0.726593 0.537874
-0.725593 0.538511
-0.724593 0.539147
-0.723593 0.539784
-0.722593 0.54042
-0.721593 0.541057
-0.720593 0.541693
-0.719593 0.54233
-0.718593 0.542966
-0.717593 0.543603
-0.716593 0.544239
-0.715593 0.544876
-0.714593 0.545512
-0.713593 0.546149
-0.712593 0.546785
-0.711593 0.547422
-0.710593 0.548059
-0.709593 0.548695
-0.708593 0.549332
-0.707593 0.549968
-0.706593 0.550605
-0.705593 0.551241
-0.704593 0.551878
-0.703593 0.552514
-0.702593 0.553151
-0.701593 0.553787
-0.700593 0.554424
-0.699593 0.55506
-0.698593 0.555697
-0.697593 0.556334
-0.696593 0.55697
-0.695593 0.557607
-0.694593 0.558243
-0.693593 0.55888
-0.692593 0.559516
-0.691593 0.560153
-0.690593 0.560789
-0.689593 0.561426
-0.688593 0.562062
-0.687593 0.562699
-0.686593 0.563335
-0.685593 0.563972
-0.684593 0.564609
-0.683593 0.565245
-0.682593 0.565882
-0.681593 0.566518
-0.680593 0.567155
-0.679593 0.567791
-0.678593 0.568428
-0.677593 0.569064
-0.676593 0.569701
-0.675593 0.570337
-0.674593 0.570974
-0.673593 0.57161
-0.672593 0.572247
-0.671593 0.572884
-0.670593 0.57352
-0.669593 0.574157
-0.668593 0.574793
-0.667593 0.57543
-0.666593 0.576066
-0.665593 0.576703
-0.664593 0.577339
-0.663593 0.577976
-0.662593 0.578612
-0.661593 0.579249
-0.660593 0.579885
-0.659593 0.580522
-0.658593 0.581158
-0.657593 0.581795
-0.656593 0.582432
-0.655593 0.583068
-0.654593 0.583705
-0.653593 0.584341
-0.652593 0.584978
-0.651593 0.585614
-0.650593 0.586251
-0.649593 0.586887
-0.648593 0.587524
-0.647593 0.58816
-0.646593 0.588797
-0.645593 0.589433
-0.644593 0.59007
-0.643593 0.590707
-0.642593 0.591343
-0.641593 0.59198
-0.640593 0.592616
-0.639593 0.593253
-0.638593 0.593889
-0.637593 0.594526
-0.636593 0.595162
-0.635593 0.595799
-0.634593 0.596435
-0.633593 0.597072
-0.632593 0.597708
-0.631593 0.598345
-0.630593 0.598982
-0.629593 0.599618
-0.628593 0.600255
-0.627593 0.600891
-0.626593 0.601528
-0.625593 0.602164
-0.624593 0.602801
-0.623593 0.603437
-0.622593 0.604074
-0.621593 0.60471
-0.620593 0.605347
-0.619593 0.605983
-0.618593 0.60662
-0.617593 0.607257
-0.616593 0.607893
-0.615593 0.60853
-0.614593 0.609166
-0.613593 0.609803
-0.612593 0.610439
-0.611593 0.611076
-0.610593 0.611712
-0.609593 0.612349
-0.608593 0.612985
-0.607593 0.613622
-0.606593 0.614258
-0.605593 0.614895
-0.604593 0.615532
-0.603593 0.616168
-0.602593 0.616805
-0.601593 0.617441
-0.600593 0.618078
-0.599593 0.618714
-0.598593 0.619351
-0.597593 0.619987
-0.596593 0.620624
-0.595593 0.62126
-0.594593 0.621897
-0.593593 0.622533
-0.592593 0.62317
-0.591593 0.623806
-0.590593 0.624443
-0.589593 0.62508
-0.588593 0.625716
-0.587593 0.626353
-0.586593 0.626989
-0.585593 0.627626
-0.584593 0.628262
-0.583593 0.628899
-0.582593 0.629535
-0.581593 0.630172
-0.580593 0.630808
-0.579593 0.631445
-0.578593 0.632081
-0.577593 0.632718
-0.576593 0.633355
-0.575593 0.633991
-0.574593 0.634628
-0.573593 0.635264
-0.572593 0.635901
-0.571593 0.636537
-0.570593 0.637174
-0.569593 0.63781
-0.568593 0.638447
-0.567593 0.639083
-0.566593 0.63972
-0.565593 0.640356
-0.564593 0.640993
-0.563593 0.64163
-0.562593 0.642266
-0.561593 0.642903
-0.560593 0.643539
-0.559593 0.644176
-0.558593 0.644812
-0.557593 0.645449
-0.556593 0.646085
-0.555593 0.646722
-0.554593 0.647358
-0.553593 0.647995
-0.552593 0.648631
-0.551593 0.649268
-0.550593 0.649905
-0.549593 0.650541
-0.548593 0.651178
-0.547593 0.651814
-0.546593 0.652451
-0.545593 0.653087
-0.544593 0.653724
-0.543593 0.65436
-0.542593 0.654997
-0.541593 0.655633
-0.540593 0.65627
-0.539593 0.656906
-0.538593 0.657543
-0.537593 0.65818
-0.536593 0.658816
-0.535593 0.659453
-0.534593 0.660089
-0.533593 0.660726
-0.532593 0.661362
-0.531593 0.661999
-0.530593 0.662635
-0.529593 0.663272
-0.528593 0.663908
-0.527593 0.664545
-0.526593 0.665181
-0.525593 0.665818
-0.524593 0.666454
-0.523593 0.667091
-0.522593 0.667728
-0.521593 0.668364
-0.520593 0.669001
-0.519593 0.669637
-0.518593 0.670274
-0.517593 0.67091
-0.516593 0.671547
-0.515593 0.672183
-0.514593 0.67282
-0.513593 0.673456
-0.512593 0.674093
-0.511593 0.674729
-0.510593 0.675366
-0.509593 0.676003
-0.508593 0.676639
-0.507593 0.677276
-0.506593 0.677912
-0.505593 0.678549
-0.504593 0.679185
-0.503593 0.679822
-0.502593 0.680458
-0.501593 0.681095
-0.500593 0.681731
-0.499593 0.682368
-0.498593 0.683004
-0.497593 0.683641
-0.496593 0.684278
-0.495593 0.684914
-0.494593 0.685551
-0.493593 0.686187
-0.492593 0.686824
-0.491593 0.68746
-0.490593 0.688097
-0.489593 0.688733
-0.488593 0.68937
-0.487593 0.690006
-0.486593 0.690643
-0.485593 0.691279
-0.484593 0.691916
-0.483593 0.692553
-0.482593 0.693189
-0.481593 0.693826
-0.480593 0.694462
-0.479593 0.695099
-0.478593 0.695735
-0.477593 0.696372
-0.476593 0.697008
-0.475593 0.697645
-0.474593 0.698281
-0.473593 0.698918
-0.472593 0.699554
-0.471593 0.700191
-0.470593 0.700827
-0.469593 0.701464
-0.468593 0.702101
-0.467593 0.702737
-0.466593 0.703374
-0.465593 0.70401
-0.464593 0.704647
-0.463593 0.705283
-0.462593 0.70592
-0.461593 0.706556
-0.460593 0.707193
-0.459593 0.707829
-0.458593 0.708466
-0.457593 0.709102
-0.456593 0.709739
-0.455593 0.710376
-0.454593 0.711012
-0.453593 0.711649
-0.452593 0.712285
-0.451593 0.712922
-0.450593 0.713558
-0.449593 0.714195
-0.448593 0.714831
-0.447593 0.715468
-0.446593 0.716104
-0.445593 0.716741
-0.444593 0.717377
-0.443593 0.718014
-0.442593 0.718651
-0.441593 0.719287
-0.440593 0.719924
-0.439593 0.72056
-0.438593 0.721197
-0.437593 0.721833
-0.436593 0.72247
-0.435593 0.723106
-0.434593 0.723743
-0.433593 0.724379
-0.432593 0.725016
-0.431593 0.725652
-0.430593 0.726289
-0.429593 0.726926
-0.428593 0.727562
-0.427593 0.728199
-0.426593 0.728835
-0.425593 0.729472
-0.424593 0.730108
-0.423593 0.730745
-0.422593 0.731381
-0.421593 0.732018
-0.420593 0.732654
-0.419593 0.733291
-0.418593 0.733927
-0.417593 0.734564
-0.416593 0.735201
-0.415593 0.735837
-0.414593 0.736474
-0.413593 0.73711
-0.412593 0.737747
-0.411593 0.738383
-0.410593 0.73902
-0.409593 0.739656
-0.408593 0.740293
-0.407593 0.740929
-0.406593 0.741566
-0.405593 0.742202
-0.404593 0.742839
-0.403593 0.743475
-0.402593 0.744112
-0.401593 0.744749
-0.400593 0.745385
-0.399593 0.746022
-0.398593 0.746658
-0.397593 0.747295
-0.396593 0.747931
-0.395593 0.748568
-0.394593 0.749204
-0.393593 0.749841
-0.392593 0.750477
-0.391593 0.751114
-0.390593 0.75175
-0.389593 0.752387
-0.388593 0.753024
-0.387593 0.75366
-0.386593 0.754297
-0.385593 0.754933
-0.384593 0.75557
-0.383593 0.756206
-0.382593 0.756843
-0.381593 0.757479
-0.380593 0.758116
-0.379593 0.758752
-0.378593 0.759389
-0.377593 0.760025
-0.376593 0.760662
-0.375593 0.761299
-0.374593 0.761935
-0.373593 0.762572
-0.372593 0.763208
-0.371593 0.763845
-0.370593 0.764481
-0.369593 0.765118
-0.368593 0.765754
-0.367593 0.766391
-0.366593 0.767027
-0.365593 0.767664
-0.364593 0.7683
-0.363593 0.768937
-0.362593 0.769574
-0.361593 0.77021
-0.360593 0.770847
-0.359593 0.771483
-0.358593 0.77212
-0.357593 0.772756
-0.356593 0.773393
-0.355593 0.774029
-0.354593 0.774666
-0.353593 0.775302
-0.352593 0.775939
-0.351593 0.776575
-0.350593 0.777212
-0.349593 0.777849
-0.348593 0.778485
-0.347593 0.779122
-0.346593 0.779758
-0.345593 0.780395
-0.344593 0.781031
-0.343593 0.781668
-0.342593 0.782304
-0.341593 0.782941
-0.340593 0.783577
-0.339593 0.784214
-0.338593 0.78485
-0.337593 0.785487
-0.336593 0.786123
-0.335593 0.78676
-0.334593 0.787397
-0.333593 0.788033
-0.332593 0.78867
-0.331593 0.789306
-0.330593 0.789943
-0.329593 0.790579
-0.328593 0.791216
-0.327593 0.791852
-0.326593 0.792489
-0.325593 0.793125
-0.324593 0.793762
-0.323593 0.794398
-0.322593 0.795035
-0.321593 0.795672
-0.320593 0.796308
-0.319593 0.796945
-0.318593 0.797581
-0.317593 0.798218
-0.316593 0.798854
-0.315593 0.799491
-0.314593 0.800127
-0.313593 0.800764
-0.312593 0.8014
-0.311593 0.802037
-0.310593 0.802673
-0.309593 0.80331
-0.308593 0.803947
-0.307593 0.804583
-0.306593 0.80522
-0.305593 0.805856
-0.304593 0.806493
-0.303593 0.807129
-0.302593 0.807766
-0.301593 0.808402
-0.300593 0.809039
-0.299593 0.809675
-0.298593 0.810312
-0.297593 0.810948
-0.296593 0.811585
-0.295593 0.812222
-0.294593 0.812858
-0.293593 0.813495
-0.292593 0.814131
-0.291593 0.814768
-0.290593 0.815404
-0.289593 0.816041
-0.288593 0.816677
-0.287593 0.817314
-0.286593 0.81795
-0.285593 0.818587
-0.284593 0.819223
-0.283593 0.81986
-0.282593 0.820496
-0.281593 0.821133
-0.280593 0.82177
-0.279593 0.822406
-0.278593 0.823043
-0.277593 0.823679
-0.276593 0.824316
-0.275593 0.824952
-0.274593 0.825589
-0.273593 0.826225
-0.272593 0.826862
-0.271593 0.827498
-0.270593 0.828135
-0.269593 0.828771
-0.268593 0.829408
-0.267593 0.830045
-0.266593 0.830681
-0.265593 0.831318
-0.264593 0.831954
-0.263593 0.832591
-0.262593 0.833227
-0.261593 0.833864
-0.260593 0.8345
-0.259593 0.835137
-0.258593 0.835773
-0.257593 0.83641
-0.256593 0.837046
-0.255593 0.837683
-0.254593 0.83832
-0.253593 0.838956
-0.252593 0.839593
-0.251593 0.840229
-0.250593 0.840866
-0.249593 0.841502
-0.248593 0.842139
-0.247593 0.842775
-0.246593 0.843412
-0.245593 0.844048
-0.244593 0.844685
-0.243593 0.845321
-0.242593 0.845958
-0.241593 0.846595
-0.240593 0.847231
-0.239593 0.847868
-0.238593 0.848504
-0.237593 0.849141
-0.236593 0.849777
-0.235593 0.850414
-0.234593 0.85105
-0.233593 0.851687
-0.232593 0.852323
-0.231593 0.85296
-0.230593 0.853596
-0.229593 0.854233
-0.228593 0.85487
-0.227593 0.855506
-0.226593 0.856143
-0.225593 0.856779
-0.224593 0.857416
-0.223593 0.858052
-0.222593 0.858689
-0.221593 0.859325
-0.220593 0.859962
-0.219593 0.860598
-0.218593 0.861235
-0.217593 0.861871
-0.216593 0.862508
-0.215593 0.863144
-0.214593 0.863781
-0.213593 0.864418
-0.212593 0.865054
-0.211593 0.865691
-0.210593 0.866327
-0.209593 0.866964
-0.208593 0.8676
-0.207593 0.868237
-0.206593 0.868873
-0.205593 0.86951
-0.204593 0.870146
-0.203593 0.870783
-0.202593 0.871419
-0.201593 0.872056
-0.200593 0.872693
-0.199593 0.873329
-0.198593 0.873966
-0.197593 0.874602
-0.196593 0.875239
-0.195593 0.875875
-0.194593 0.876512
-0.193593 0.877148
-0.192593 0.877785
-0.191593 0.878421
-0.190593 0.879058
-0.189593 0.879694
-0.188593 0.880331
-0.187593 0.880968
-0.186593 0.881604
-0.185593 0.882241
-0.184593 0.882877
-0.183593 0.883514
-0.182593 0.88415
-0.181593 0.884787
-0.180593 0.885423
-0.179593 0.88606
-0.178593 0.886696
-0.177593 0.887333
-0.176593 0.887969
-0.175593 0.888606
-0.174593 0.889243
-0.173593 0.889879
-0.172593 0.890516
-0.171593 0.891152
-0.170593 0.891789
-0.169593 0.892425
-0.168593 0.893062
-0.167593 0.893698
-0.166593 0.894335
-0.165593 0.894971
-0.164593 0.895608
-0.163593 0.896244
-0.162593 0.896881
-0.161593 0.897518
-0.160593 0.898154
-0.159593 0.898791
-0.158593 0.899427
-0.157593 0.900064
-0.156593 0.9007
-0.155593 0.901337
-0.154593 0.901973
-0.153593 0.90261
-0.152593 0.903246
-0.151593 0.903883
-0.150593 0.904519
-0.149593 0.905156
-0.148593 0.905792
-0.147593 0.906429
-0.146593 0.907066
-0.145593 0.907702
-0.144593 0.908339
-0.143593 0.908975
-0.142593 0.909612
-0.141593 0.910248
-0.140593 0.910885
-0.139593 0.911521
-0.138593 0.912158
-0.137593 0.912794
-0.136593 0.913431
-0.135593 0.914067
-0.134593 0.914704
-0.133593 0.915341
-0.132593 0.915977
-0.131593 0.916614
-0.130593 0.91725
-0.129593 0.917887
-0.128593 0.918523
-0.127593 0.91916
-0.126593 0.919796
-0.125593 0.920433
-0.124593 0.921069
-0.123593 0.921706
-0.122593 0.922342
-0.121593 0.922979
-0.120593 0.923616
-0.119593 0.924252
-0.118593 0.924889
-0.117593 0.925525
-0.116593 0.926162
-0.115593 0.926798
-0.114593 0.927435
-0.113593 0.928071
-0.112593 0.928708
-0.111593 0.929344
-0.110593 0.929981
-0.109593 0.930617
-0.108593 0.931254
-0.107593 0.931891
-0.106593 0.932527
-0.105593 0.933164
-0.104593 0.9338
-0.103593 0.934437
-0.102593 0.935073
-0.101593 0.93571
-0.100593 0.936346
-0.0995927 0.936983
-0.0985927 0.937619
-0.0975927 0.938256
-0.0965927 0.938892
-0.0955927 0.939529
-0.0945927 0.940165
-0.0935927 0.940802
-0.0925927 0.941439
-0.0915927 0.942075
-0.0905927 0.942712
-0.0895927 0.943348
-0.0885927 0.943985
-0.0875927 0.944621
-0.0865927 0.945258
-0.0855927 0.945894
-0.0845927 0.946531
-0.0835927 0.947167
-0.0825927 0.947804
-0.0815927 0.94844
-0.0805927 0.949077
-0.0795927 0.949714
-0.0785927 0.95035
-0.0775927 0.950987
-0.0765927 0.951623
-0.0755927 0.95226
-0.0745927 0.952896
-0.0735927 0.953533
-0.0725927 0.954169
-0.0715927 0.954806
-0.0705927 0.955442
-0.0695927 0.956079
-0.0685927 0.956715
-0.0675927 0.957352
-0.0665927 0.957989
-0.0655927 0.958625
-0.0645927 0.959262
-0.0635927 0.959898
-0.0625927 0.960535
-0.0615927 0.961171
-0.0605927 0.961808
-0.0595927 0.962444
-0.0585927 0.963081
-0.0575927 0.963717
-0.0565927 0.964354
-0.0555927 0.96499
-0.0545927 0.965627
-0.0535927 0.966264
-0.0525927 0.9669
-0.0515927 0.967537
-0.0505927 0.968173
-0.0495927 0.96881
-0.0485927 0.969446
-0.0475927 0.970083
-0.0465927 0.970719
-0.0455927 0.971356
-0.0445927 0.971992
-0.0435927 0.972629
-0.0425927 0.973265
-0.0415927 0.973902
-0.0405927 0.974539
-0.0395927 0.975175
-0.0385927 0.975812
-0.0375927 0.976448
-0.0365927 0.977085
-0.0355927 0.977721
-0.0345927 0.978358
-0.0335927 0.978994
-0.0325927 0.979631
-0.0315927 0.980267
-0.0305927 0.980904
-0.0295927 0.98154
-0.0285927 0.982177
-0.0275927 0.982813
-0.0265927 0.98345
-0.0255927 0.984087
-0.0245927 0.984723
-0.0235927 0.98536
-0.0225927 0.985996
-0.0215927 0.986633
-0.0205927 0.987269
-0.0195927 0.987906
-0.0185927 0.988542
-0.0175927 0.989179
-0.0165927 0.989815
-0.0155927 0.990452
-0.0145927 0.991088
-0.0135927 0.991725
-0.0125927 0.992362
-0.0115927 0.992998
-0.0105927 0.993635
-0.00959265 0.994271
-0.00859265 0.994908
-0.00759265 0.995544
-0.00659265 0.996181
-0.00559265 0.996817
-0.00459265 0.997454
-0.00359265 0.99809
-0.00259265 0.998727
-0.00159265 0.999363
-0.000592654 1
0.000407346 1
0.00140735 0.999363
0.00240735 0.998727
0.00340735 0.99809
0.00440735 0.997454
0.00540735 0.996817
0.00640735 0.996181
0.00740735 0.995544
0.00840735 0.994908
0.00940735 0.994271
0.0104073 0.993635
0.0114073 0.992998
0.0124073 0.992362
0.0134073 0.991725
0.0144073 0.991088
0.0154073 0.990452
0.0164073 0.989815
0.0174073 0.989179
0.0184073 0.988542
0.0194073 0.987906
0.0204073 0.987269
0.0214073 0.986633
0.0224073 0.985996
0.0234073 0.98536
0.0244073 0.984723
0.0254073 0.984087
0.0264073 0.98345
0.0274073 0.982813
0.0284073 0.982177
0.0294073 0.98154
0.0304073 0.980904
0.0314073 0.980267
0.0324073 0.979631
0.0334073 0.978994
0.0344073 0.978358
0.0354073 0.977721
0.0364073 0.977085
0.0374073 0.976448
0.0384073 0.975812
0.0394073 0.975175
0.0404073 0.974539
0.0414073 0.973902
0.0424073 0.973265
0.0434073 0.972629
0.0444073 0.971992
0.0454073 0.971356
0.0464073 0.970719
0.0474073 0.970083
0.0484073 0.969446
0.0494073 0.96881
0.0504073 0.968173
0.0514073 0.967537
0.0524073 0.9669
0.0534073 0.966264
0.0544073 0.965627
0.0554073 0.96499
0.0564073 0.964354
0.0574073 0.963717
0.0584073 0.963081
0.0594073 0.962444
0.0604073 0.961808
0.0614073 0.961171
0.0624073 0.960535
0.0634073 0.959898
0.0644073 0.959262
0.0654073 0.958625
0.0664073 0.957989
0.0674073 0.957352
0.0684073 0.956715
0.0694073 0.956079
0.0704073 0.955442
0.0714073 0.954806
0.0724073 0.954169
0.0734073 0.953533
0.0744073 0.952896
0.0754073 0.95226
0.0764073 0.951623
0.0774073 0.950987
0.0784073 0.95035
0.0794073 0.949714
0.0804073 0.949077
0.0814073 0.94844
0.0824073 0.947804
0.0834073 0.947167
0.0844073 0.946531
0.0854073 0.945894
0.0864073 0.945258
0.0874073 0.944621
0.0884073 0.943985
0.0894073 0.943348
0.0904073 0.942712
0.0914073 0.942075
0.0924073 0.941439
0.0934073 0.940802
0.0944073 0.940165
0.0954073 0.939529
0.0964073 0.938892
0.0974073 0.938256
0.0984073 0.937619
0.0994073 0.936983
0.100407 0.936346
0.101407 0.93571
0.102407 0.935073
0.103407 0.934437
0.104407 0.9338
0.105407 0.933164
0.106407 0.932527
0.107407 0.931891
0.108407 0.931254
0.109407 0.930617
0.110407 0.929981
0.111407 0.929344
0.112407 0.928708
0.113407 0.928071
0.114407 0.927435
0.115407 0.926798
0.116407 0.926162
0.117407 0.925525
0.118407 0.924889
0.119407 0.924252
0.120407 0.923616
0.121407 0.922979
0.122407 0.922342
0.123407 0.921706
0.124407 0.921069
0.125407 0.920433
0.126407 0.919796
0.127407 0.91916
0.128407 0.918523
0.129407 0.917887
0.130407 0.91725
0.131407 0.916614
0.132407 0.915977
0.133407 0.915341
0.134407 0.914704
0.135407 0.914067
0.136407 0.913431
0.137407 0.912794
0.138407 0.912158
0.139407 0.911521
0.140407 0.910885
0.141407 0.910248
0.142407 0.909612
0.143407 0.908975
0.144407 0.908339
0.145407 0.907702
0.146407 0.907066
0.147407 0.906429
0.148407 0.905792
0.149407 0.905156
0.150407 0.904519
0.151407 0.903883
0.152407 0.903246
0.153407 0.90261
0.154407 0.901973
0.155407 0.901337
0.156407 0.9007
0.157407 0.900064
0.158407 0.899427
0.159407 0.898791
0.160407 0.898154
0.161407 0.897518
0.162407 0.896881
0.163407 0.896244
0.164407 0.895608
0.165407 0.894971
0.166407 0.894335
0.167407 0.893698
0.168407 0.893062
0.169407 0.892425
0.170407 0.891789
0.171407 0.891152
0.172407 0.890516
0.173407 0.889879
0.174407 0.889243
0.175407 0.888606
0.176407 0.887969
0.177407 0.887333
0.178407 0.886696
0.179407 0.88606
0.180407 0.885423
0.181407 0.884787
0.182407 0.88415
0.183407 0.883514
0.184407 0.882877
0.185407 0.882241
0.186407 0.881604
0.187407 0.880968
0.188407 0.880331
0.189407 0.879694
0.190407 0.879058
0.191407 0.878421
0.192407 0.877785
0.193407 0.877148
0.194407 0.876512
0.195407 0.875875
0.196407 0.875239
0.197407 0.874602
0.198407 0.873966
0.199407 0.873329
0.200407 0.872693
0.201407 0.872056
0.202407 0.871419
0.203407 0.870783
0.204407 0.870146
0.205407 0.86951
0.206407 0.868873
0.207407 0.868237
0.208407 0.8676
0.209407 0.866964
0.210407 0.866327
0.211407 0.865691
0.212407 0.865054
0.213407 0.864418
0.214407 0.863781
0.215407 0.863144
0.216407 0.862508
0.217407 0.861871
0.218407 0.861235
0.219407 0.860598
0.220407 0.859962
0.221407 0.859325
0.222407 0.858689
0.223407 0.858052
0.224407 0.857416
0.225407 0.856779
0.226407 0.856143
0.227407 0.855506
0.228407 0.85487
0.229407 0.854233
0.230407 0.853596
0.231407 0.85296
0.232407 0.852323
0.233407 0.851687
0.234407 0.85105
0.235407 0.850414
0.236407 0.849777
0.237407 0.849141
0.238407 0.848504
0.239407 0.847868
0.240407 0.847231
0.241407 0.846595
0.242407 0.845958
0.243407 0.845321
0.244407 0.844685
0.245407 0.844048
0.246407 0.843412
0.247407 0.842775
0.248407 0.842139
0.249407 0.841502
0.250407 0.840866
0.251407 0.840229
0.252407 0.839593
0.253407 0.838956
0.254407 0.83832
0.255407 0.837683
0.256407 0.837046
0.257407 0.83641
0.258407 0.835773
0.259407 0.835137
0.260407 0.8345
0.261407 0.833864
0.262407 0.833227
0.263407 0.832591
0.264407 0.831954
0.265407 0.831318
0.266407 0.830681
0.267407 0.830045
0.268407 0.829408
0.269407 0.828771
0.270407 0.828135
0.271407 0.827498
0.272407 0.826862
0.273407 0.826225
0.274407 0.825589
0.275407 0.824952
0.276407 0.824316
0.277407 0.823679
0.278407 0.823043
0.279407 0.822406
0.280407 0.82177
0.281407 0.821133
0.282407 0.820496
0.283407 0.81986
0.284407 0.819223
0.285407 0.818587
0.286407 0.81795
0.287407 0.817314
0.288407 0.816677
0.289407 0.816041
0.290407 0.815404
0.291407 0.814768
0.292407 0.814131
0.293407 0.813495
0.294407 0.812858
0.295407 0.812222
0.296407 0.811585
0.297407 0.810948
0.298407 0.810312
0.299407 0.809675
0.300407 0.809039
0.301407 0.808402
0.302407 0.807766
0.303407 0.807129
0.304407 0.806493
0.305407 0.805856
0.306407 0.80522
0.307407 0.804583
0.308407 0.803947
0.309407 0.80331
0.310407 0.802673
0.311407 0.802037
0.312407 0.8014
0.313407 0.800764
0.314407 0.800127
0.315407 0.799491
0.316407 0.798854
0.317407 0.798218
0.318407 0.797581
0.319407 0.796945
0.320407 0.796308
0.321407 0.795672
0.322407 0.795035
0.323407 0.794398
0.324407 0.793762
0.325407 0.793125
0.326407 0.792489
0.327407 0.791852
0.328407 0.791216
0.329407 0.790579
0.330407 0.789943
0.331407 0.789306
0.332407 0.78867
0.333407 0.788033
0.334407 0.787397
0.335407 0.78676
0.336407 0.786123
0.337407 0.785487
0.338407 0.78485
0.339407 0.784214
0.340407 0.783577
0.341407 0.782941
0.342407 0.782304
0.343407 0.781668
0.344407 0.781031
0.345407 0.780395
0.346407 0.779758
0.347407 0.779122
0.348407 0.778485
0.349407 0.777849
0.350407 0.777212
0.351407 0.776575
0.352407 0.775939
0.353407 0.775302
0.354407 0.774666
0.355407 0.774029
0.356407 0.773393
0.357407 0.772756
0.358407 0.77212
0.359407 0.771483
0.360407 0.770847
0.361407 0.77021
0.362407 0.769574
0.363407 0.768937
0.364407 0.7683
0.365407 0.767664
0.366407 0.767027
0.367407 0.766391
0.368407 0.765754
0.369407 0.765118
0.370407 0.764481
0.371407 0.763845
0.372407 0.763208
0.373407 0.762572
0.374407 0.761935
0.375407 0.761299
0.376407 0.760662
0.377407 0.760025
0.378407 0.759389
0.379407 0.758752
0.380407 0.758116
0.381407 0.757479
0.382407 0.756843
0.383407 0.756206
0.384407 0.75557
0.385407 0.754933
0.386407 0.754297
0.387407 0.75366
0.388407 0.753024
0.389407 0.752387
0.390407 0.75175
0.391407 0.751114
0.392407 0.750477
0.393407 0.749841
0.394407 0.749204
0.395407 0.748568
0.396407 0.747931
0.397407 0.747295
0.398407 0.746658
0.399407 0.746022
0.400407 0.745385
0.401407 0.744749
0.402407 0.744112
0.403407 0.743475
0.404407 0.742839
0.405407 0.742202
0.406407 0.741566
0.407407 0.740929
0.408407 0.740293
0.409407 0.739656
0.410407 0.73902
0.411407 0.738383
0.412407 0.737747
0.413407 0.73711
0.414407 0.736474
0.415407 0.735837
0.416407 0.735201
0.417407 0.734564
0.418407 0.733927
0.419407 0.733291
0.420407 0.732654
0.421407 0.732018
0.422407 0.731381
0.423407 0.730745
0.424407 0.730108
0.425407 0.729472
0.426407 0.728835
0.427407 0.728199
0.428407 0.727562
0.429407 0.726926
0.430407 0.726289
0.431407 0.725652
0.432407 0.725016
0.433407 0.724379
0.434407 0.723743
0.435407 0.723106
0.436407 0.72247
0.437407 0.721833
0.438407 0.721197
0.439407 0.72056
0.440407 0.719924
0.441407 0.719287
0.442407 0.718651
0.443407 0.718014
0.444407 0.717377
0.445407 0.716741
0.446407 0.716104
0.447407 0.715468
0.448407 0.714831
0.449407 0.714195
0.450407 0.713558
0.451407 0.712922
0.452407 0.712285
0.453407 0.711649
0.454407 0.711012
0.455407 0.710376
0.456407 0.709739
0.457407 0.709102
0.458407 0.708466
0.459407 0.707829
0.460407 0.707193
0.461407 0.706556
0.462407 0.70592
0.463407 0.705283
0.464407 0.704647
0.465407 0.70401
0.466407 0.703374
0.467407 0.702737
0.468407 0.702101
0.469407 0.701464
0.470407 0.700827
0.471407 0.700191
0.472407 0.699554
0.473407 0.698918
0.474407 0.698281
0.475407 0.697645
0.476407 0.697008
0.477407 0.696372
0.478407 0.695735
0.479407 0.695099
0.480407 0.694462
0.481407 0.693826
0.482407 0.693189
0.483407 0.692553
0.484407 0.691916
0.485407 0.691279
0.486407 0.690643
0.487407 0.690006
0.488407 0.68937
0.489407 0.688733
0.490407 0.688097
0.491407 0.68746
0.492407 0.686824
0.493407 0.686187
0.494407 0.685551
0.495407 0.684914
0.496407 0.684278
0.497407 0.683641
0.498407 0.683004
0.499407 0.682368
0.500407 0.681731
0.501407 0.681095
0.502407 0.680458
0.503407 0.679822
0.504407 0.679185
0.505407 0.678549
0.506407 0.677912
0.507407 0.677276
0.508407 0.676639
0.509407 0.676003
0.510407 0.675366
0.511407 0.674729
0.512407 0.674093
0.513407 0.673456
0.514407 0.67282
0.515407 0.672183
0.516407 0.671547
0.517407 0.67091
0.518407 0.670274
0.519407 0.669637
0.520407 0.669001
0.521407 0.668364
0.522407 0.667728
0.523407 0.667091
0.524407 0.666454
0.525407 0.665818
0.526407 0.665181
0.527407 0.664545
0.528407 0.663908
0.529407 0.663272
0.530407 0.662635
0.531407 0.661999
0.532407 0.661362
0.533407 0.660726
0.534407 0.660089
0.535407 0.659453
0.536407 0.658816
0.537407 0.65818
0.538407 0.657543
0.539407 0.656906
0.540407 0.65627
0.541407 0.655633
0.542407 0.654997
0.543407 0.65436
0.544407 0.653724
0.545407 0.653087
0.546407 0.652451
0.547407 0.651814
0.548407 0.651178
0.549407 0.650541
0.550407 0.649905
0.551407 0.649268
0.552407 0.648631
0.553407 0.647995
0.554407 0.647358
0.555407 0.646722
0.556407 0.646085
0.557407 0.645449
0.558407 0.644812
0.559407 0.644176
0.560407 0.643539
0.561407 0.642903
0.562407 0.642266
0.563407 0.64163
0.564407 0.640993
0.565407 0.640356
0.566407 0.63972
0.567407 0.639083
0.568407 0.638447
0.569407 0.63781
0.570407 0.637174
0.571407 0.636537
0.572407 0.635901
0.573407 0.635264
0.574407 0.634628
0.575407 0.633991
0.576407 0.633355
0.577407 0.632718
0.578407 0.632081
0.579407 0.631445
0.580407 0.630808
0.581407 0.630172
0.582407 0.629535
0.583407 0.628899
0.584407 0.628262
0.585407 0.627626
0.586407 0.626989
0.587407 0.626353
0.588407 0.625716
0.589407 0.62508
0.590407 0.624443
0.591407 0.623806
0.592407 0.62317
0.593407 0.622533
0.594407 0.621897
0.595407 0.62126
0.596407 0.620624
0.597407 0.619987
0.598407 0.619351
0.599407 0.618714
0.600407 0.618078
0.601407 0.617441
0.602407 0.616805
0.603407 0.616168
0.604407 0.615532
0.605407 0.614895
0.606407 0.614258
0.607407 0.613622
0.608407 0.612985
0.609407 0.612349
0.610407 0.611712
0.611407 0.611076
0.612407 0.610439
0.613407 0.609803
0.614407 0.609166
0.615407 0.60853
0.616407 0.607893
0.617407 0.607257
0.618407 0.60662
0.619407 0.605983
0.620407 0.605347
0.621407 0.60471
0.622407 0.604074
0.623407 0.603437
0.624407 0.602801
0.625407 0.602164
0.626407 0.601528
0.627407 0.600891
0.628407 0.600255
0.629407 0.599618
0.630407 0.598982
0.631407 0.598345
0.632407 0.597708
0.633407 0.597072
0.634407 0.596435
0.635407 0.595799
0.636407 0.595162
0.637407 0.594526
0.638407 0.593889
0.639407 0.593253
0.640407 0.592616
0.641407 0.59198
0.642407 0.591343
0.643407 0.590707
0.644407 0.59007
0.645407 0.589433
0.646407 0.588797
0.647407 0.58816
0.648407 0.587524
0.649407 0.586887
0.650407 0.586251
0.651407 0.585614
0.652407 0.584978
0.653407 0.584341
0.654407 0.583705
0.655407 0.583068
0.656407 0.582432
0.657407 0.581795
0.658407 0.581158
0.659407 0.580522
0.660407 0.579885
0.661407 0.579249
0.662407 0.578612
0.663407 0.577976
0.664407 0.577339
0.665407 0.576703
0.666407 0.576066
0.667407 0.57543
0.668407 0.574793
0.669407 0.574157
0.670407 0.57352
0.671407 0.572884
0.672407 0.572247
0.673407 0.57161
0.674407 0.570974
0.675407 0.570337
0.676407 0.569701
0.677407 0.569064
0.678407 0.568428
0.679407 0.567791
0.680407 0.567155
0.681407 0.566518
0.682407 0.565882
0.683407 0.565245
0.684407 0.564609
0.685407 0.563972
0.686407 0.563335
0.687407 0.562699
0.688407 0.562062
0.689407 0.561426
0.690407 0.560789
0.691407 0.560153
0.692407 0.559516
0.693407 0.55888
0.694407 0.558243
0.695407 0.557607
0.696407 0.55697
0.697407 0.556334
0.698407 0.555697
0.699407 0.55506
0.700407 0.554424
0.701407 0.553787
0.702407 0.553151
0.703407 0.552514
0.704407 0.551878
0.705407 0.551241
0.706407 0.550605
0.707407 0.549968
0.708407 0.549332
0.709407 0.548695
0.710407 0.548059
0.711407 0.547422
0.712407 0.546785
0.713407 0.546149
0.714407 0.545512
0.715407 0.544876
0.716407 0.544239
0.717407 0.543603
0.718407 0.542966
0.719407 0.54233
0.720407 0.541693
0.721407 0.541057
0.722407 0.54042
0.723407 0.539784
0.724407 0.539147
0.725407 0.538511
0.726407 0.537874
0.727407 0.537237
0.728407 0.536601
0.729407 0.535964
0.730407 0.535328
0.731407 0.534691
0.732407 0.534055
0.733407 0.533418
0.734407 0.532782
0.735407 0.532145
0.736407 0.531509
0.737407 0.530872
0.738407 0.530236
0.739407 0.529599
0.740407 0.528962
0.741407 0.528326
0.742407 0.527689
0.743407 0.527053
0.744407 0.526416
0.745407 0.52578
0.746407 0.525143
0.747407 0.524507
0.748407 0.52387
0.749407 0.523234
0.750407 0.522597
0.751407 0.521961
0.752407 0.521324
0.753407 0.520687
0.754407 0.520051
0.755407 0.519414
0.756407 0.518778
0.757407 0.518141
0.758407 0.517505
0.759407 0.516868
0.760407 0.516232
0.761407 0.515595
0.762407 0.514959
0.763407 0.514322
0.764407 0.513686
0.765407 0.513049
0.766407 0.512412
0.767407 0.511776
0.768407 0.511139
0.769407 0.510503
0.770407 0.509866
0.771407 0.50923
0.772407 0.508593
0.773407 0.507957
0.774407 0.50732
0.775407 0.506684
0.776407 0.506047
0.777407 0.505411
0.778407 0.504774
0.779407 0.504137
0.780407 0.503501
0.781407 0.502864
0.782407 0.502228
0.783407 0.501591
0.784407 0.500955
0.785407 0.500318
0.786407 0.499682
0.787407 0.499045
0.788407 0.498409
0.789407 0.497772
0.790407 0.497136
0.791407 0.496499
0.792407 0.495863
0.793407 0.495226
0.794407 0.494589
0.795407 0.493953
0.796407 0.493316
0.797407 0.49268
0.798407 0.492043
0.799407 0.491407
0.800407 0.49077
0.801407 0.490134
0.802407 0.489497
0.803407 0.488861
0.804407 0.488224
0.805407 0.487588
0.806407 0.486951
0.807407 0.486314
0.808407 0.485678
0.809407 0.485041
0.810407 0.484405
0.811407 0.483768
0.812407 0.483132
0.813407 0.482495
0.814407 0.481859
0.815407 0.481222
0.816407 0.480586
0.817407 0.479949
0.818407 0.479313
0.819407 0.478676
0.820407 0.478039
0.821407 0.477403
0.822407 0.476766
0.823407 0.47613
0.824407 0.475493
0.825407 0.474857
0.826407 0.47422
0.827407 0.473584
0.828407 0.472947
0.829407 0.472311
0.830407 0.471674
0.831407 0.471038
0.832407 0.470401
0.833407 0.469764
0.834407 0.469128
0.835407 0.468491
0.836407 0.467855
0.837407 0.467218
0.838407 0.466582
0.839407 0.465945
0.840407 0.465309
0.841407 0.464672
0.842407 0.464036
0.843407 0.463399
0.844407 0.462763
0.845407 0.462126
0.846407 0.461489
0.847407 0.460853
0.848407 0.460216
0.849407 0.45958
0.850407 0.458943
0.851407 0.458307
0.852407 0.45767
0.853407 0.457034
0.854407 0.456397
0.855407 0.455761
0.856407 0.455124
0.857407 0.454488
0.858407 0.453851
0.859407 0.453215
0.860407 0.452578
0.861407 0.451941
0.862407 0.451305
0.863407 0.450668
0.864407 0.450032
0.865407 0.449395
0.866407 0.448759
0.867407 0.448122
0.868407 0.447486
0.869407 0.446849
0.870407 0.446213
0.871407 0.445576
0.872407 0.44494
0.873407 0.444303
0.874407 0.443666
0.875407 0.44303
0.876407 0.442393
0.877407 0.441757
0.878407 0.44112
0.879407 0.440484
0.880407 0.439847
0.881407 0.439211
0.882407 0.438574
0.883407 0.437938
0.884407 0.437301
0.885407 0.436665
0.886407 0.436028
0.887407 0.435391
0.888407 0.434755
0.889407 0.434118
0.890407 0.433482
0.891407 0.432845
0.892407 0.432209
0.893407 0.431572
0.894407 0.430936
0.895407 0.430299
0.896407 0.429663
0.897407 0.429026
0.898407 0.42839
0.899407 0.427753
0.900407 0.427116
0.901407 0.42648
0.902407 0.425843
0.903407 0.425207
0.904407 0.42457
0.905407 0.423934
0.906407 0.423297
0.907407 0.422661
0.908407 0.422024
0.909407 0.421388
0.910407 0.420751
0.911407 0.420115
0.912407 0.419478
0.913407 0.418842
0.914407 0.418205
0.915407 0.417568
0.916407 0.416932
0.917407 0.416295
0.918407 0.415659
0.919407 0.415022
0.920407 0.414386
0.921407 0.413749
0.922407 0.413113
0.923407 0.412476
0.924407 0.41184
0.925407 0.411203
0.926407 0.410567
0.927407 0.40993
0.928407 0.409293
0.929407 0.408657
0.930407 0.40802
0.931407 0.407384
0.932407 0.406747
0.933407 0.406111
0.934407 0.405474
0.935407 0.404838
0.936407 0.404201
0.937407 0.403565
0.938407 0.402928
0.939407 0.402292
0.940407 0.401655
0.941407 0.401018
0.942407 0.400382
0.943407 0.399745
0.944407 0.399109
0.945407 0.398472
0.946407 0.397836
0.947407 0.397199
0.948407 0.396563
0.949407 0.395926
0.950407 0.39529
0.951407 0.394653
0.952407 0.394017
0.953407 0.39338
0.954407 0.392743
0.955407 0.392107
0.956407 0.39147
0.957407 0.390834
0.958407 0.390197
0.959407 0.389561
0.960407 0.388924
0.961407 0.388288
0.962407 0.387651
0.963407 0.387015
0.964407 0.386378
0.965407 0.385742
0.966407 0.385105
0.967407 0.384468
0.968407 0.383832
0.969407 0.383195
0.970407 0.382559
0.971407 0.381922
0.972407 0.381286
0.973407 0.380649
0.974407 0.380013
0.975407 0.379376
0.976407 0.37874
0.977407 0.378103
0.978407 0.377467
0.979407 0.37683
0.980407 0.376194
0.981407 0.375557
0.982407 0.37492
0.983407 0.374284
0.984407 0.373647
0.985407 0.373011
0.986407 0.372374
0.987407 0.371738
0.988407 0.371101
0.989407 0.370465
0.990407 0.369828
0.991407 0.369192
0.992407 0.368555
0.993407 0.367919
0.994407 0.367282
0.995407 0.366645
0.996407 0.366009
0.997407 0.365372
0.998407 0.364736
0.999407 0.364099
1.00041 0.363463
1.00141 0.362826
1.00241 0.36219
1.00341 0.361553
1.00441 0.360917
1.00541 0.36028
1.00641 0.359644
1.00741 0.359007
1.00841 0.35837
1.00941 0.357734
1.01041 0.357097
1.01141 0.356461
1.01241 0.355824
1.01341 0.355188
1.01441 0.354551
1.01541 0.353915
1.01641 0.353278
1.01741 0.352642
1.01841 0.352005
1.01941 0.351369
1.02041 0.350732
1.02141 0.350095
1.02241 0.349459
1.02341 0.348822
1.02441 0.348186
1.02541 0.347549
1.02641 0.346913
1.02741 0.346276
1.02841 0.34564
1.02941 0.345003
1.03041 0.344367
1.03141 0.34373
1.03241 0.343094
1.03341 0.342457
1.03441 0.34182
1.03541 0.341184
1.03641 0.340547
1.03741 0.339911
1.03841 0.339274
1.03941 0.338638
1.04041 0.338001
1.04141 0.337365
1.04241 0.336728
1.04341 0.336092
1.04441 0.335455
1.04541 0.334819
1.04641 0.334182
1.04741 0.333546
1.04841 0.332909
1.04941 0.332272
1.05041 0.331636
1.05141 0.330999
1.05241 0.330363
1.05341 0.329726
1.05441 0.32909
1.05541 0.328453
1.05641 0.327817
1.05741 0.32718
1.05841 0.326544
1.05941 0.325907
1.06041 0.325271
1.06141 0.324634
1.06241 0.323997
1.06341 0.323361
1.06441 0.322724
1.06541 0.322088
1.06641 0.321451
1.06741 0.320815
1.06841 0.320178
1.06941 0.319542
1.07041 0.318905
1.07141 0.318269
1.07241 0.317632
1.07341 0.316996
1.07441 0.316359
1.07541 0.315722
1.07641 0.315086
1.07741 0.314449
1.07841 0.313813
1.07941 0.313176
1.08041 0.31254
1.08141 0.311903
1.08241 0.311267
1.08341 0.31063
1.08441 0.309994
1.08541 0.309357
1.08641 0.308721
1.08741 0.308084
1.08841 0.307447
1.08941 0.306811
1.09041 0.306174
1.09141 0.305538
1.09241 0.304901
1.09341 0.304265
1.09441 0.303628
1.09541 0.302992
1.09641 0.302355
1.09741 0.301719
1.09841 0.301082
1.09941 0.300446
1.10041 0.299809
1.10141 0.299173
1.10241 0.298536
1.10341 0.297899
1.10441 0.297263
1.10541 0.296626
1.10641 0.29599
1.10741 0.295353
1.10841 0.294717
1.10941 0.29408
1.11041 0.293444
1.11141 0.292807
1.11241 0.292171
1.11341 0.291534
1.11441 0.290898
1.11541 0.290261
1.11641 0.289624
1.11741 0.288988
1.11841 0.288351
1.11941 0.287715
1.12041 0.287078
1.12141 0.286442
1.12241 0.285805
1.12341 0.285169
1.12441 0.284532
1.12541 0.283896
1.12641 0.283259
1.12741 0.282623
1.12841 0.281986
1.12941 0.281349
1.13041 0.280713
1.13141 0.280076
1.13241 0.27944
1.13341 0.278803
1.13441 0.278167
1.13541 0.27753
1.13641 0.276894
1.13741 0.276257
1.13841 0.275621
1.13941 0.274984
1.14041 0.274348
1.14141 0.273711
1.14241 0.273074
1.14341 0.272438
1.14441 0.271801
1.14541 0.271165
1.14641 0.270528
1.14741 0.269892
1.14841 0.269255
1.14941 0.268619
1.15041 0.267982
1.15141 0.267346
1.15241 0.266709
1.15341 0.266073
1.15441 0.265436
1.15541 0.264799
1.15641 0.264163
1.15741 0.263526
1.15841 0.26289
1.15941 0.262253
1.16041 0.261617
1.16141 0.26098
1.16241 0.260344
1.16341 0.259707
1.16441 0.259071
1.16541 0.258434
1.16641 0.257798
1.16741 0.257161
1.16841 0.256525
1.16941 0.255888
1.17041 0.255251
1.17141 0.254615
1.17241 0.253978
1.17341 0.253342
1.17441 0.252705
1.17541 0.252069
1.17641 0.251432
1.17741 0.250796
1.17841 0.250159
1.17941 0.249523
1.18041 0.248886
1.18141 0.24825
1.18241 0.247613
1.18341 0.246976
1.18441 0.24634
1.18541 0.245703
1.18641 0.245067
1.18741 0.24443
1.18841 0.243794
1.18941 0.243157
1.19041 0.242521
1.19141 0.241884
1.19241 0.241248
1.19341 0.240611
1.19441 0.239975
1.19541 0.239338
1.19641 0.238701
1.19741 0.238065
1.19841 0.237428
1.19941 0.236792
1.20041 0.236155
1.20141 0.235519
1.20241 0.234882
1.20341 0.234246
1.20441 0.233609
1.20541 0.232973
1.20641 0.232336
1.20741 0.2317
1.20841 0.231063
1.20941 0.230426
1.21041 0.22979
1.21141 0.229153
1.21241 0.228517
1.21341 0.22788
1.21441 0.227244
1.21541 0.226607
1.21641 0.225971
1.21741 0.225334
1.21841 0.224698
1.21941 0.224061
1.22041 0.223425
1.22141 0.222788
1.22241 0.222151
1.22341 0.221515
1.22441 0.220878
1.22541 0.220242
1.22641 0.219605
1.22741 0.218969
1.22841 0.218332
1.22941 0.217696
1.23041 0.217059
1.23141 0.216423
1.23241 0.215786
1.23341 0.21515
1.23441 0.214513
1.23541 0.213877
1.23641 0.21324
1.23741 0.212603
1.23841 0.211967
1.23941 0.21133
1.24041 0.210694
1.24141 0.210057
1.24241 0.209421
1.24341 0.208784
1.24441 0.208148
1.24541 0.207511
1.24641 0.206875
1.24741 0.206238
1.24841 0.205602
1.24941 0.204965
1.25041 0.204328
1.25141 0.203692
1.25241 0.203055
1.25341 0.202419
1.25441 0.201782
1.25541 0.201146
1.25641 0.200509
1.25741 0.199873
1.25841 0.199236
1.25941 0.1986
1.26041 0.197963
1.26141 0.197327
1.26241 0.19669
1.26341 0.196053
1.26441 0.195417
1.26541 0.19478
1.26641 0.194144
1.26741 0.193507
1.26841 0.192871
1.26941 0.192234
1.27041 0.191598
1.27141 0.190961
1.27241 0.190325
1.27341 0.189688
1.27441 0.189052
1.27541 0.188415
1.27641 0.187778
1.27741 0.187142
1.27841 0.186505
1.27941 0.185869
1.28041 0.185232
1.28141 0.184596
1.28241 0.183959
1.28341 0.183323
1.28441 0.182686
1.28541 0.18205
1.28641 0.181413
1.28741 0.180777
1.28841 0.18014
1.28941 0.179504
1.29041 0.178867
1.29141 0.17823
1.29241 0.177594
1.29341 0.176957
1.29441 0.176321
1.29541 0.175684
1.29641 0.175048
1.29741 0.174411
1.29841 0.173775
1.29941 0.173138
1.30041 0.172502
1.30141 0.171865
1.30241 0.171229
1.30341 0.170592
1.30441 0.169955
1.30541 0.169319
1.30641 0.168682
1.30741 0.168046
1.30841 0.167409
1.30941 0.166773
1.31041 0.166136
1.31141 0.1655
1.31241 0.164863
1.31341 0.164227
1.31441 0.16359
1.31541 0.162954
1.31641 0.162317
1.31741 0.16168
1.31841 0.161044
1.31941 0.160407
1.32041 0.159771
1.32141 0.159134
1.32241 0.158498
1.32341 0.157861
1.32441 0.157225
1.32541 0.156588
1.32641 0.155952
1.32741 0.155315
1.32841 0.154679
1.32941 0.154042
1.33041 0.153405
1.33141 0.152769
1.33241 0.152132
1.33341 0.151496
1.33441 0.150859
1.33541 0.150223
1.33641 0.149586
1.33741 0.14895
1.33841 0.148313
1.33941 0.147677
1.34041 0.14704
1.34141 0.146404
1.34241 0.145767
1.34341 0.14513
1.34441 0.144494
1.34541 0.143857
1.34641 0.143221
1.34741 0.142584
1.34841 0.141948
1.34941 0.141311
1.35041 0.140675
1.35141 0.140038
1.35241 0.139402
1.35341 0.138765
1.35441 0.138129
1.35541 0.137492
1.35641 0.136856
1.35741 0.136219
1.35841 0.135582
1.35941 0.134946
1.36041 0.134309
1.36141 0.133673
1.36241 0.133036
1.36341 0.1324
1.36441 0.131763
1.36541 0.131127
1.36641 0.13049
1.36741 0.129854
1.36841 0.129217
1.36941 0.128581
1.37041 0.127944
1.37141 0.127307
1.37241 0.126671
1.37341 0.126034
1.37441 0.125398
1.37541 0.124761
1.37641 0.124125
1.37741 0.123488
1.37841 0.122852
1.37941 0.122215
1.38041 0.121579
1.38141 0.120942
1.38241 0.120306
1.38341 0.119669
1.38441 0.119032
1.38541 0.118396
1.38641 0.117759
1.38741 0.117123
1.38841 0.116486
1.38941 0.11585
1.39041 0.115213
1.39141 0.114577
1.39241 0.11394
1.39341 0.113304
1.39441 0.112667
1.39541 0.112031
1.39641 0.111394
1.39741 0.110757
1.39841 0.110121
1.39941 0.109484
1.40041 0.108848
1.40141 0.108211
1.40241 0.107575
1.40341 0.106938
1.40441 0.106302
1.40541 0.105665
1.40641 0.105029
1.40741 0.104392
1.40841 0.103756
1.40941 0.103119
1.41041 0.102482
1.41141 0.101846
1.41241 0.101209
1.41341 0.100573
1.41441 0.0999363
1.41541 0.0992998
1.41641 0.0986633
1.41741 0.0980267
1.41841 0.0973902
1.41941 0.0967537
1.42041 0.0961171
1.42141 0.0954806
1.42241 0.094844
1.42341 0.0942075
1.42441 0.093571
1.42541 0.0929344
1.42641 0.0922979
1.42741 0.0916614
1.42841 0.0910248
1.42941 0.0903883
1.43041 0.0897518
1.43141 0.0891152
1.43241 0.0884787
1.43341 0.0878421
1.43441 0.0872056
1.43541 0.0865691
1.43641 0.0859325
1.43741 0.085296
1.43841 0.0846595
1.43941 0.0840229
1.44041 0.0833864
1.44141 0.0827498
1.44241 0.0821133
1.44341 0.0814768
1.44441 0.0808402
1.44541 0.0802037
1.44641 0.0795672
1.44741 0.0789306
1.44841 0.0782941
1.44941 0.0776575
1.45041 0.077021
1.45141 0.0763845
1.45241 0.0757479
1.45341 0.0751114
1.45441 0.0744749
1.45541 0.0738383
1.45641 0.0732018
1.45741 0.0725652
1.45841 0.0719287
1.45941 0.0712922
1.46041 0.0706556
1.46141 0.0700191
1.46241 0.0693826
1.46341 0.068746
1.46441 0.0681095
1.46541 0.0674729
1.46641 0.0668364
1.46741 0.0661999
1.46841 0.0655633
1.46941 0.0649268
1.47041 0.0642903
1.47141 0.0636537
1.47241 0.0630172
1.47341 0.0623806
1.47441 0.0617441
1.47541 0.0611076
1.47641 0.060471
1.47741 0.0598345
1.47841 0.059198
1.47941 0.0585614
1.48041 0.0579249
1.48141 0.0572884
1.48241 0.0566518
1.48341 0.0560153
1.48441 0.0553787
1.48541 0.0547422
1.48641 0.0541057
1.48741 0.0534691
1.48841 0.0528326
1.48941 0.0521961
1.49041 0.0515595
1.49141 0.050923
1.49241 0.0502864
1.49341 0.0496499
1.49441 0.0490134
1.49541 0.0483768
1.49641 0.0477403
1.49741 0.0471038
1.49841 0.0464672
1.49941 0.0458307
1.50041 0.0451941
1.50141 0.0445576
1.50241 0.0439211
1.50341 0.0432845
1.50441 0.042648
1.50541 0.0420115
1.50641 0.0413749
1.50741 0.0407384
1.50841 0.0401018
1.50941 0.0394653
1.51041 0.0388288
1.51141 0.0381922
1.51241 0.0375557
1.51341 0.0369192
1.51441 0.0362826
1.51541 0.0356461
1.51641 0.0350095
1.51741 0.034373
1.51841 0.0337365
1.51941 0.0330999
1.52041 0.0324634
1.52141 0.0318269
1.52241 0.0311903
1.52341 0.0305538
1.52441 0.0299173
1.52541 0.0292807
1.52641 0.0286442
1.52741 0.0280076
1.52841 0.0273711
1.52941 0.0267346
1.53041 0.026098
1.53141 0.0254615
1.53241 0.024825
1.53341 0.0241884
1.53441 0.0235519
1.53541 0.0229153
1.53641 0.0222788
1.53741 0.0216423
1.53841 0.0210057
1.53941 0.0203692
1.54041 0.0197327
1.54141 0.0190961
1.54241 0.0184596
1.54341 0.017823
1.54441 0.0171865
1.54541 0.01655
1.54641 0.0159134
1.54741 0.0152769
1.54841 0.0146404
1.54941 0.0140038
1.55041 0.0133673
1.55141 0.0127307
1.55241 0.0120942
1.55341 0.0114577
1.55441 0.0108211
1.55541 0.0101846
1.55641 0.00954806
1.55741 0.00891152
1.55841 0.00827498
1.55941 0.00763845
1.56041 0.00700191
1.56141 0.00636537
1.56241 0.00572884
1.56341 0.0050923
1.56441 0.00445576
1.56541 0.00381922
1.56641 0.00318269
1.56741 0.00254615
1.56841 0.00190961
1.56941 0.00127307
1.57041 0.000636537
1.57141 0
1.57241 0
1.57341 0
1.57441 0
1.57541 0
1.57641 0
1.57741 0
1.57841 0
1.57941 0
1.58041 0
1.58141 0
1.58241 0
1.58341 0
1.58441 0
1.58541 0
1.58641 0
1.58741 0
1.58841 0
1.58941 0
1.59041 0
1.59141 0
1.59241 0
1.59341 0
1.59441 0
1.59541 0
1.59641 0
1.59741 0
1.59841 0
1.59941 0
1.60041 0
1.60141 0
1.60241 0
1.60341 0
1.60441 0
1.60541 0
1.60641 0
1.60741 0
1.60841 0
1.60941 0
1.61041 0
1.61141 0
1.61241 0
1.61341 0
1.61441 0
1.61541 0
1.61641 0
1.61741 0
1.61841 0
1.61941 0
1.62041 0
1.62141 0
1.62241 0
1.62341 0
1.62441 0
1.62541 0
1.62641 0
1.62741 0
1.62841 0
1.62941 0
1.63041 0
1.63141 0
1.63241 0
1.63341 0
1.63441 0
1.63541 0
1.63641 0
1.63741 0
1.63841 0
1.63941 0
1.64041 0
1.64141 0
1.64241 0
1.64341 0
1.64441 0
1.64541 0
1.64641 0
1.64741 0
1.64841 0
1.64941 0
1.65041 0
1.65141 0
1.65241 0
1.65341 0
1.65441 0
1.65541 0
1.65641 0
1.65741 0
1.65841 0
1.65941 0
1.66041 0
1.66141 0
1.66241 0
1.66341 0
1.66441 0
1.66541 0
1.66641 0
1.66741 0
1.66841 0
1.66941 0
1.67041 0
1.67141 0
1.67241 0
1.67341 0
1.67441 0
1.67541 0
1.67641 0
1.67741 0
1.67841 0
1.67941 0
1.68041 0
1.68141 0
1.68241 0
1.68341 0
1.68441 0
1.68541 0
1.68641 0
1.68741 0
1.68841 0
1.68941 0
1.69041 0
1.69141 0
1.69241 0
1.69341 0
1.69441 0
1.69541 0
1.69641 0
1.69741 0
1.69841 0
1.69941 0
1.70041 0
1.70141 0
1.70241 0
1.70341 0
1.70441 0
1.70541 0
1.70641 0
1.70741 0
1.70841 0
1.70941 0
1.71041 0
1.71141 0
1.71241 0
1.71341 0
1.71441 0
1.71541 0
1.71641 0
1.71741 0
1.71841 0
1.71941 0
1.72041 0
1.72141 0
1.72241 0
1.72341 0
1.72441 0
1.72541 0
1.72641 0
1.72741 0
1.72841 0
1.72941 0
1.73041 0
1.73141 0
1.73241 0
1.73341 0
1.73441 0
1.73541 0
1.73641 0
1.73741 0
1.73841 0
1.73941 0
1.74041 0
1.74141 0
1.74241 0
1.74341 0
1.74441 0
1.74541 0
1.74641 0
1.74741 0
1.74841 0
1.74941 0
1.75041 0
1.75141 0
1.75241 0
1.75341 0
1.75441 0
1.75541 0
1.75641 0
1.75741 0
1.75841 0
1.75941 0
1.76041 0
1.76141 0
1.76241 0
1.76341 0
1.76441 0
1.76541 0
1.76641 0
1.76741 0
1.76841 0
1.76941 0
1.77041 0
1.77141 0
1.77241 0
1.77341 0
1.77441 0
1.77541 0
1.77641 0
1.77741 0
1.77841 0
1.77941 0
1.78041 0
1.78141 0
1.78241 0
1.78341 0
1.78441 0
1.78541 0
1.78641 0
1.78741 0
1.78841 0
1.78941 0
1.79041 0
1.79141 0
1.79241 0
1.79341 0
1.79441 0
1.79541 0
1.79641 0
1.79741 0
1.79841 0
1.79941 0
1.80041 0
1.80141 0
1.80241 0
1.80341 0
1.80441 0
1.80541 0
1.80641 0
1.80741 0
1.80841 0
1.80941 0
1.81041 0
1.81141 0
1.81241 0
1.81341 0
1.81441 0
1.81541 0
1.81641 0
1.81741 0
1.81841 0
1.81941 0
1.82041 0
1.82141 0
1.82241 0
1.82341 0
1.82441 0
1.82541 0
1.82641 0
1.82741 0
1.82841 0
1.82941 0
1.83041 0
1.83141 0
1.83241 0
1.83341 0
1.83441 0
1.83541 0
1.83641 0
1.83741 0
1.83841 0
1.83941 0
1.84041 0
1.84141 0
1.84241 0
1.84341 0
1.84441 0
1.84541 0
1.84641 0
1.84741 0
1.84841 0
1.84941 0
1.85041 0
1.85141 0
1.85241 0
1.85341 0
1.85441 0
1.85541 0
1.85641 0
1.85741 0
1.85841 0
1.85941 0
1.86041 0
1.86141 0
1.86241 0
1.86341 0
1.86441 0
1.86541 0
1.86641 0
1.86741 0
1.86841 0
1.86941 0
1.87041 0
1.87141 0
1.87241 0
1.87341 0
1.87441 0
1.87541 0
1.87641 0
1.87741 0
1.87841 0
1.87941 0
1.88041 0
1.88141 0
1.88241 0
1.88341 0
1.88441 0
1.88541 0
1.88641 0
1.88741 0
1.88841 0
1.88941 0
1.89041 0
1.89141 0
1.89241 0
1.89341 0
1.89441 0
1.89541 0
1.89641 0
1.89741 0
1.89841 0
1.89941 0
1.90041 0
1.90141 0
1.90241 0
1.90341 0
1.90441 0
1.90541 0
1.90641 0
1.90741 0
1.90841 0
1.90941 0
1.91041 0
1.91141 0
1.91241 0
1.91341 0
1.91441 0
1.91541 0
1.91641 0
1.91741 0
1.91841 0
1.91941 0
1.92041 0
1.92141 0
1.92241 0
1.92341 0
1.92441 0
1.92541 0
1.92641 0
1.92741 0
1.92841 0
1.92941 0
1.93041 0
1.93141 0
1.93241 0
1.93341 0
1.93441 0
1.93541 0
1.93641 0
1.93741 0
1.93841 0
1.93941 0
1.94041 0
1.94141 0
1.94241 0
1.94341 0
1.94441 0
1.94541 0
1.94641 0
1.94741 0
1.94841 0
1.94941 0
1.95041 0
1.95141 0
1.95241 0
1.95341 0
1.95441 0
1.95541 0
1.95641 0
1.95741 0
1.95841 0
1.95941 0
1.96041 0
1.96141 0
1.96241 0
1.96341 0
1.96441 0
1.96541 0
1.96641 0
1.96741 0
1.96841 0
1.96941 0
1.97041 0
1.97141 0
1.97241 0
1.97341 0
1.97441 0
1.97541 0
1.97641 0
1.97741 0
1.97841 0
1.97941 0
1.98041 0
1.98141 0
1.98241 0
1.98341 0
1.98441 0
1.98541 0
1.98641 0
1.98741 0
1.98841 0
1.98941 0
1.99041 0
1.99141 0
1.99241 0
1.99341 0
1.99441 0
1.99541 0
1.99641 0
1.99741 0
1.99841 0
1.99941 0
2.00041 0
2.00141 0
2.00241 0
2.00341 0
2.00441 0
2.00541 0
2.00641 0
2.00741 0
2.00841 0
2.00941 0
2.01041 0
2.01141 0
2.01241 0
2.01341 0
2.01441 0
2.01541 0
2.01641 0
2.01741 0
2.01841 0
2.01941 0
2.02041 0
2.02141 0
2.02241 0
2.02341 0
2.02441 0
2.02541 0
2.02641 0
2.02741 0
2.02841 0
2.02941 0
2.03041 0
2.03141 0
2.03241 0
2.03341 0
2.03441 0
2.03541 0
2.03641 0
2.03741 0
2.03841 0
2.03941 0
2.04041 0
2.04141 0
2.04241 0
2.04341 0
2.04441 0
2.04541 0
2.04641 0
2.04741 0
2.04841 0
2.04941 0
2.05041 0
2.05141 0
2.05241 0
2.05341 0
2.05441 0
2.05541 0
2.05641 0
2.05741 0
2.05841 0
2.05941 0
2.06041 0
2.06141 0
2.06241 0
2.06341 0
2.06441 0
2.06541 0
2.06641 0
2.06741 0
2.06841 0
2.06941 0
2.07041 0
2.07141 0
2.07241 0
2.07341 0
2.07441 0
2.07541 0
2.07641 0
2.07741 0
2.07841 0
2.07941 0
2.08041 0
2.08141 0
2.08241 0
2.08341 0
2.08441 0
2.08541 0
2.08641 0
2.08741 0
2.08841 0
2.08941 0
2.09041 0
2.09141 0
2.09241 0
2.09341 0
2.09441 0
2.09541 0
2.09641 0
2.09741 0
2.09841 0
2.09941 0
2.10041 0
2.10141 0
2.10241 0
2.10341 0
2.10441 0
2.10541 0
2.10641 0
2.10741 0
2.10841 0
2.10941 0
2.11041 0
2.11141 0
2.11241 0
2.11341 0
2.11441 0
2.11541 0
2.11641 0
2.11741 0
2.11841 0
2.11941 0
2.12041 0
2.12141 0
2.12241 0
2.12341 0
2.12441 0
2.12541 0
2.12641 0
2.12741 0
2.12841 0
2.12941 0
2.13041 0
2.13141 0
2.13241 0
2.13341 0
2.13441 0
2.13541 0
2.13641 0
2.13741 0
2.13841 0
2.13941 0
2.14041 0
2.14141 0
2.14241 0
2.14341 0
2.14441 0
2.14541 0
2.14641 0
2.14741 0
2.14841 0
2.14941 0
2.15041 0
2.15141 0
2.15241 0
2.15341 0
2.15441 0
2.15541 0
2.15641 0
2.15741 0
2.15841 0
2.15941 0
2.16041 0
2.16141 0
2.16241 0
2.16341 0
2.16441 0
2.16541 0
2.16641 0
2.16741 0
2.16841 0
2.16941 0
2.17041 0
2.17141 0
2.17241 0
2.17341 0
2.17441 0
2.17541 0
2.17641 0
2.17741 0
2.17841 0
2.17941 0
2.18041 0
2.18141 0
2.18241 0
2.18341 0
2.18441 0
2.18541 0
2.18641 0
2.18741 0
2.18841 0
2.18941 0
2.19041 0
2.19141 0
2.19241 0
2.19341 0
2.19441 0
2.19541 0
2.19641 0
2.19741 0
2.19841 0
2.19941 0
2.20041 0
2.20141 0
2.20241 0
2.20341 0
2.20441 0
2.20541 0
2.20641 0
2.20741 0
2.20841 0
2.20941 0
2.21041 0
2.21141 0
2.21241 0
2.21341 0
2.21441 0
2.21541 0
2.21641 0
2.21741 0
2.21841 0
2.21941 0
2.22041 0
2.22141 0
2.22241 0
2.22341 0
2.22441 0
2.22541 0
2.22641 0
2.22741 0
2.22841 0
2.22941 0
2.23041 0
2.23141 0
2.23241 0
2.23341 0
2.23441 0
2.23541 0
2.23641 0
2.23741 0
2.23841 0
2.23941 0
2.24041 0
2.24141 0
2.24241 0
2.24341 0
2.24441 0
2.24541 0
2.24641 0
2.24741 0
2.24841 0
2.24941 0
2.25041 0
2.25141 0
2.25241 0
2.25341 0
2.25441 0
2.25541 0
2.25641 0
2.25741 0
2.25841 0
2.25941 0
2.26041 0
2.26141 0
2.26241 0
2.26341 0
2.26441 0
2.26541 0
2.26641 0
2.26741 0
2.26841 0
2.26941 0
2.27041 0
2.27141 0
2.27241 0
2.27341 0
2.27441 0
2.27541 0
2.27641 0
2.27741 0
2.27841 0
2.27941 0
2.28041 0
2.28141 0
2.28241 0
2.28341 0
2.28441 0
2.28541 0
2.28641 0
2.28741 0
2.28841 0
2.28941 0
2.29041 0
2.29141 0
2.29241 0
2.29341 0
2.29441 0
2.29541 0
2.29641 0
2.29741 0
2.29841 0
2.29941 0
2.30041 0
2.30141 0
2.30241 0
2.30341 0
2.30441 0
2.30541 0
2.30641 0
2.30741 0
2.30841 0
2.30941 0
2.31041 0
2.31141 0
2.31241 0
2.31341 0
2.31441 0
2.31541 0
2.31641 0
2.31741 0
2.31841 0
2.31941 0
2.32041 0
2.32141 0
2.32241 0
2.32341 0
2.32441 0
2.32541 0
2.32641 0
2.32741 0
2.32841 0
2.32941 0
2.33041 0
2.33141 0
2.33241 0
2.33341 0
2.33441 0
2.33541 0
2.33641 0
2.33741 0
2.33841 0
2.33941 0
2.34041 0
2.34141 0
2.34241 0
2.34341 0
2.34441 0
2.34541 0
2.34641 0
2.34741 0
2.34841 0
2.34941 0
2.35041 0
2.35141 0
2.35241 0
2.35341 0
2.35441 0
2.35541 0
2.35641 0
2.35741 0
2.35841 0
2.35941 0
2.36041 0
2.36141 0
2.36241 0
2.36341 0
2.36441 0
2.36541 0
2.36641 0
2.36741 0
2.36841 0
2.36941 0
2.37041 0
2.37141 0
2.37241 0
2.37341 0
2.37441 0
2.37541 0
2.37641 0
2.37741 0
2.37841 0
2.37941 0
2.38041 0
2.38141 0
2.38241 0
2.38341 0
2.38441 0
2.38541 0
2.38641 0
2.38741 0
2.38841 0
2.38941 0
2.39041 0
2.39141 0
2.39241 0
2.39341 0
2.39441 0
2.39541 0
2.39641 0
2.39741 0
2.39841 0
2.39941 0
2.40041 0
2.40141 0
2.40241 0
2.40341 0
2.40441 0
2.40541 0
2.40641 0
2.40741 0
2.40841 0
2.40941 0
2.41041 0
2.41141 0
2.41241 0
2.41341 0
2.41441 0
2.41541 0
2.41641 0
2.41741 0
2.41841 0
2.41941 0
2.42041 0
2.42141 0
2.42241 0
2.42341 0
2.42441 0
2.42541 0
2.42641 0
2.42741 0
2.42841 0
2.42941 0
2.43041 0
2.43141 0
2.43241 0
2.43341 0
2.43441 0
2.43541 0
2.43641 0
2.43741 0
2.43841 0
2.43941 0
2.44041 0
2.44141 0
2.44241 0
2.44341 0
2.44441 0
2.44541 0
2.44641 0
2.44741 0
2.44841 0
2.44941 0
2.45041 0
2.45141 0
2.45241 0
2.45341 0
2.45441 0
2.45541 0
2.45641 0
2.45741 0
2.45841 0
2.45941 0
2.46041 0
2.46141 0
2.46241 0
2.46341 0
2.46441 0
2.46541 0
2.46641 0
2.46741 0
2.46841 0
2.46941 0
2.47041 0
2.47141 0
2.47241 0
2.47341 0
2.47441 0
2.47541 0
2.47641 0
2.47741 0
2.47841 0
2.47941 0
2.48041 0
2.48141 0
2.48241 0
2.48341 0
2.48441 0
2.48541 0
2.48641 0
2.48741 0
2.48841 0
2.48941 0
2.49041 0
2.49141 0
2.49241 0
2.49341 0
2.49441 0
2.49541 0
2.49641 0
2.49741 0
2.49841 0
2.49941 0
2.50041 0
2.50141 0
2.50241 0
2.50341 0
2.50441 0
2.50541 0
2.50641 0
2.50741 0
2.50841 0
2.50941 0
2.51041 0
2.51141 0
2.51241 0
2.51341 0
2.51441 0
2.51541 0
2.51641 0
2.51741 0
2.51841 0
2.51941 0
2.52041 0
2.52141 0
2.52241 0
2.52341 0
2.52441 0
2.52541 0
2.52641 0
2.52741 0
2.52841 0
2.52941 0
2.53041 0
2.53141 0
2.53241 0
2.53341 0
2.53441 0
2.53541 0
2.53641 0
2.53741 0
2.53841 0
2.53941 0
2.54041 0
2.54141 0
2.54241 0
2.54341 0
2.54441 0
2.54541 0
2.54641 0
2.54741 0
2.54841 0
2.54941 0
2.55041 0
2.55141 0
2.55241 0
2.55341 0
2.55441 0
2.55541 0
2.55641 0
2.55741 0
2.55841 0
2.55941 0
2.56041 0
2.56141 0
2.56241 0
2.56341 0
2.56441 0
2.56541 0
2.56641 0
2.56741 0
2.56841 0
2.56941 0
2.57041 0
2.57141 0
2.57241 0
2.57341 0
2.57441 0
2.57541 0
2.57641 0
2.57741 0
2.57841 0
2.57941 0
2.58041 0
2.58141 0
2.58241 0
2.58341 0
2.58441 0
2.58541 0
2.58641 0
2.58741 0
2.58841 0
2.58941 0
2.59041 0
2.59141 0
2.59241 0
2.59341 0
2.59441 0
2.59541 0
2.59641 0
2.59741 0
2.59841 0
2.59941 0
2.60041 0
2.60141 0
2.60241 0
2.60341 0
2.60441 0
2.60541 0
2.60641 0
2.60741 0
2.60841 0
2.60941 0
2.61041 0
2.61141 0
2.61241 0
2.61341 0
2.61441 0
2.61541 0
2.61641 0
2.61741 0
2.61841 0
2.61941 0
2.62041 0
2.62141 0
2.62241 0
2.62341 0
2.62441 0
2.62541 0
2.62641 0
2.62741 0
2.62841 0
2.62941 0
2.63041 0
2.63141 0
2.63241 0
2.63341 0
2.63441 0
2.63541 0
2.63641 0
2.63741 0
2.63841 0
2.63941 0
2.64041 0
2.64141 0
2.64241 0
2.64341 0
2.64441 0
2.64541 0
2.64641 0
2.64741 0
2.64841 0
2.64941 0
2.65041 0
2.65141 0
2.65241 0
2.65341 0
2.65441 0
2.65541 0
2.65641 0
2.65741 0
2.65841 0
2.65941 0
2.66041 0
2.66141 0
2.66241 0
2.66341 0
2.66441 0
2.66541 0
2.66641 0
2.66741 0
2.66841 0
2.66941 0
2.67041 0
2.67141 0
2.67241 0
2.67341 0
2.67441 0
2.67541 0
2.67641 0
2.67741 0
2.67841 0
2.67941 0
2.68041 0
2.68141 0
2.68241 0
2.68341 0
2.68441 0
2.68541 0
2.68641 0
2.68741 0
2.68841 0
2.68941 0
2.69041 0
2.69141 0
2.69241 0
2.69341 0
2.69441 0
2.69541 0
2.69641 0
2.69741 0
2.69841 0
2.69941 0
2.70041 0
2.70141 0
2.70241 0
2.70341 0
2.70441 0
2.70541 0
2.70641 0
2.70741 0
2.70841 0
2.70941 0
2.71041 0
2.71141 0
2.71241 0
2.71341 0
2.71441 0
2.71541 0
2.71641 0
2.71741 0
2.71841 0
2.71941 0
2.72041 0
2.72141 0
2.72241 0
2.72341 0
2.72441 0
2.72541 0
2.72641 0
2.72741 0
2.72841 0
2.72941 0
2.73041 0
2.73141 0
2.73241 0
2.73341 0
2.73441 0
2.73541 0
2.73641 0
2.73741 0
2.73841 0
2.73941 0
2.74041 0
2.74141 0
2.74241 0
2.74341 0
2.74441 0
2.74541 0
2.74641 0
2.74741 0
2.74841 0
2.74941 0
2.75041 0
2.75141 0
2.75241 0
2.75341 0
2.75441 0
2.75541 0
2.75641 0
2.75741 0
2.75841 0
2.75941 0
2.76041 0
2.76141 0
2.76241 0
2.76341 0
2.76441 0
2.76541 0
2.76641 0
2.76741 0
2.76841 0
2.76941 0
2.77041 0
2.77141 0
2.77241 0
2.77341 0
2.77441 0
2.77541 0
2.77641 0
2.77741 0
2.77841 0
2.77941 0
2.78041 0
2.78141 0
2.78241 0
2.78341 0
2.78441 0
2.78541 0
2.78641 0
2.78741 0
2.78841 0
2.78941 0
2.79041 0
2.79141 0
2.79241 0
2.79341 0
2.79441 0
2.79541 0
2.79641 0
2.79741 0
2.79841 0
2.79941 0
2.80041 0
2.80141 0
2.80241 0
2.80341 0
2.80441 0
2.80541 0
2.80641 0
2.80741 0
2.80841 0
2.80941 0
2.81041 0
2.81141 0
2.81241 0
2.81341 0
2.81441 0
2.81541 0
2.81641 0
2.81741 0
2.81841 0
2.81941 0
2.82041 0
2.82141 0
2.82241 0
2.82341 0
2.82441 0
2.82541 0
2.82641 0
2.82741 0
2.82841 0
2.82941 0
2.83041 0
2.83141 0
2.83241 0
2.83341 0
2.83441 0
2.83541 0
2.83641 0
2.83741 0
2.83841 0
2.83941 0
2.84041 0
2.84141 0
2.84241 0
2.84341 0
2.84441 0
2.84541 0
2.84641 0
2.84741 0
2.84841 0
2.84941 0
2.85041 0
2.85141 0
2.85241 0
2.85341 0
2.85441 0
2.85541 0
2.85641 0
2.85741 0
2.85841 0
2.85941 0
2.86041 0
2.86141 0
2.86241 0
2.86341 0
2.86441 0
2.86541 0
2.86641 0
2.86741 0
2.86841 0
2.86941 0
2.87041 0
2.87141 0
2.87241 0
2.87341 0
2.87441 0
2.87541 0
2.87641 0
2.87741 0
2.87841 0
2.87941 0
2.88041 0
2.88141 0
2.88241 0
2.88341 0
2.88441 0
2.88541 0
2.88641 0
2.88741 0
2.88841 0
2.88941 0
2.89041 0
2.89141 0
2.89241 0
2.89341 0
2.89441 0
2.89541 0
2.89641 0
2.89741 0
2.89841 0
2.89941 0
2.90041 0
2.90141 0
2.90241 0
2.90341 0
2.90441 0
2.90541 0
2.90641 0
2.90741 0
2.90841 0
2.90941 0
2.91041 0
2.91141 0
2.91241 0
2.91341 0
2.91441 0
2.91541 0
2.91641 0
2.91741 0
2.91841 0
2.91941 0
2.92041 0
2.92141 0
2.92241 0
2.92341 0
2.92441 0
2.92541 0
2.92641 0
2.92741 0
2.92841 0
2.92941 0
2.93041 0
2.93141 0
2.93241 0
2.93341 0
2.93441 0
2.93541 0
2.93641 0
2.93741 0
2.93841 0
2.93941 0
2.94041 0
2.94141 0
2.94241 0
2.94341 0
2.94441 0
2.94541 0
2.94641 0
2.94741 0
2.94841 0
2.94941 0
2.95041 0
2.95141 0
2.95241 0
2.95341 0
2.95441 0
2.95541 0
2.95641 0
2.95741 0
2.95841 0
2.95941 0
2.96041 0
2.96141 0
2.96241 0
2.96341 0
2.96441 0
2.96541 0
2.96641 0
2.96741 0
2.96841 0
2.96941 0
2.97041 0
2.97141 0
2.97241 0
2.97341 0
2.97441 0
2.97541 0
2.97641 0
2.97741 0
2.97841 0
2.97941 0
2.98041 0
2.98141 0
2.98241 0
2.98341 0
2.98441 0
2.98541 0
2.98641 0
2.98741 0
2.98841 0
2.98941 0
2.99041 0
2.99141 0
2.99241 0
2.99341 0
2.99441 0
2.99541 0
2.99641 0
2.99741 0
2.99841 0
2.99941 0
3.00041 0
3.00141 0
3.00241 0
3.00341 0
3.00441 0
3.00541 0
3.00641 0
3.00741 0
3.00841 0
3.00941 0
3.01041 0
3.01141 0
3.01241 0
3.01341 0
3.01441 0
3.01541 0
3.01641 0
3.01741 0
3.01841 0
3.01941 0
3.02041 0
3.02141 0
3.02241 0
3.02341 0
3.02441 0
3.02541 0
3.02641 0
3.02741 0
3.02841 0
3.02941 0
3.03041 0
3.03141 0
3.03241 0
3.03341 0
3.03441 0
3.03541 0
3.03641 0
3.03741 0
3.03841 0
3.03941 0
3.04041 0
3.04141 0
3.04241 0
3.04341 0
3.04441 0
3.04541 0
3.04641 0
3.04741 0
3.04841 0
3.04941 0
3.05041 0
3.05141 0
3.05241 0
3.05341 0
3.05441 0
3.05541 0
3.05641 0
3.05741 0
3.05841 0
3.05941 0
3.06041 0
3.06141 0
3.06241 0
3.06341 0
3.06441 0
3.06541 0
3.06641 0
3.06741 0
3.06841 0
3.06941 0
3.07041 0
3.07141 0
3.07241 0
3.07341 0
3.07441 0
3.07541 0
3.07641 0
3.07741 0
3.07841 0
3.07941 0
3.08041 0
3.08141 0
3.08241 0
3.08341 0
3.08441 0
3.08541 0
3.08641 0
3.08741 0
3.08841 0
3.08941 0
3.09041 0
3.09141 0
3.09241 0
3.09341 0
3.09441 0
3.09541 0
3.09641 0
3.09741 0
3.09841 0
3.09941 0
3.10041 0
3.10141 0
3.10241 0
3.10341 0
3.10441 0
3.10541 0
3.10641 0
3.10741 0
3.10841 0
3.10941 0
3.11041 0
3.11141 0
3.11241 0
3.11341 0
3.11441 0
3.11541 0
3.11641 0
3.11741 0
3.11841 0
3.11941 0
3.12041 0
3.12141 0
3.12241 0
3.12341 0
3.12441 0
3.12541 0
3.12641 0
3.12741 0
3.12841 0
3.12941 0
3.13041 0
3.13141 0
3.13241 0
3.13341 0
3.13441 0
3.13541 0
3.13641 0
3.13741 0
3.13841 0
3.13941 0
3.14041 0
3.14141 0
